   1.0000000e+00   7.1379762e-01   4.5013470e-01   5.6052127e-01   6.0042738e-01   7.7783369e-01   9.6662390e-01   8.1350165e-01   7.1558668e-01   8.0163438e-01   8.9168411e-01   9.4312667e-01   8.1153345e-01   6.8718088e-01   4.5755744e-01   7.0747091e-01   4.3901641e-01   9.3208502e-01   9.0909738e-01   6.4720025e-01   5.7886014e-01   8.1650566e-01
   7.1379762e-01   1.0000000e+00   6.0375276e-01   8.4085192e-01   8.2551741e-01   9.8132440e-01   8.3483945e-01   8.2565466e-01   9.9999518e-01   9.5791404e-01   8.9500533e-01   8.6137744e-01   9.8487376e-01   8.5072330e-01   5.5901746e-01   9.1301851e-01   7.1017622e-01   8.4263776e-01   9.2020767e-01   8.7121933e-01   7.6668101e-01   9.7791410e-01
   4.5013470e-01   6.0375276e-01   1.0000000e+00   9.3497343e-01   9.4830515e-01   7.2096478e-01   3.9809307e-01   8.7740763e-01   6.0521955e-01   7.6821168e-01   7.5897679e-01   3.7693773e-01   6.6061836e-01   9.2551666e-01   9.9702205e-01   8.7215603e-01   9.8166779e-01   3.1527248e-01   4.4334611e-01   9.1702448e-01   9.7436102e-01   6.9284772e-01
   5.6052127e-01   8.4085192e-01   9.3497343e-01   1.0000000e+00   9.9691205e-01   9.0365913e-01   5.9061431e-01   9.2621529e-01   8.4164852e-01   9.2109945e-01   8.7314340e-01   5.9236382e-01   8.6107820e-01   9.8504855e-01   9.0937122e-01   9.7855886e-01   9.7800545e-01   5.4233619e-01   6.7085967e-01   9.9404424e-01   9.8685263e-01   8.7877435e-01
   6.0042738e-01   8.2551741e-01   9.4830515e-01   9.9691205e-01   1.0000000e+00   9.0070417e-01   6.1233747e-01   9.4880734e-01   8.2654535e-01   9.2464430e-01   8.9240604e-01   6.0812725e-01   8.5923218e-01   9.9355797e-01   9.2819908e-01   9.8068454e-01   9.7810688e-01   5.5699180e-01   6.7893843e-01   9.9596964e-01   9.9493364e-01   8.7923543e-01
   7.7783369e-01   9.8132440e-01   7.2096478e-01   9.0365913e-01   9.0070417e-01   1.0000000e+00   8.5391651e-01   9.1875608e-01   9.8187906e-01   9.9523634e-01   9.5942821e-01   8.6624408e-01   9.9580637e-01   9.2824139e-01   6.8771834e-01   9.6776506e-01   7.9601383e-01   8.3825208e-01   9.1867764e-01   9.3603827e-01   8.5820290e-01   9.9766881e-01
   9.6662390e-01   8.3483945e-01   3.9809307e-01   5.9061431e-01   6.1233747e-01   8.5391651e-01   1.0000000e+00   7.8846907e-01   8.3592464e-01   8.5364478e-01   8.9867167e-01   9.9681804e-01   8.9252359e-01   6.9307250e-01   3.8622294e-01   7.4388864e-01   4.3614589e-01   9.9250922e-01   9.8204869e-01   6.7246257e-01   5.6712697e-01   8.8738716e-01
   8.1350165e-01   8.2565466e-01   8.7740763e-01   9.2621529e-01   9.4880734e-01   9.1875608e-01   7.8846907e-01   1.0000000e+00   8.2728604e-01   9.5281180e-01   9.7623053e-01   7.7027255e-01   8.9877728e-01   9.7731034e-01   8.7157322e-01   9.6519641e-01   8.7930506e-01   7.2645086e-01   8.0385143e-01   9.5835284e-01   9.4500961e-01   9.1859222e-01
   7.1558668e-01   9.9999518e-01   6.0521955e-01   8.4164852e-01   8.2654535e-01   9.8187906e-01   8.3592464e-01   8.2728604e-01   1.0000000e+00   9.5874871e-01   8.9638524e-01   8.6222908e-01   9.8540182e-01   8.5191267e-01   5.6067788e-01   9.1392071e-01   7.1114965e-01   8.4338680e-01   9.2085587e-01   8.7216773e-01   7.6791791e-01   9.7855800e-01
   8.0163438e-01   9.5791404e-01   7.6821168e-01   9.2109945e-01   9.2464430e-01   9.9523634e-01   8.5364478e-01   9.5281180e-01   9.5874871e-01   1.0000000e+00   9.7902179e-01   8.5849975e-01   9.8753190e-01   9.5343681e-01   7.4138189e-01   9.8102415e-01   8.2611744e-01   8.2638718e-01   9.0646729e-01   9.5447878e-01   8.9093373e-01   9.9377375e-01
   8.9168411e-01   8.9500533e-01   7.5897679e-01   8.7314340e-01   8.9240604e-01   9.5942821e-01   8.9867167e-01   9.7623053e-01   8.9638524e-01   9.7902179e-01   1.0000000e+00   8.8886693e-01   9.5771986e-01   9.3702714e-01   7.4662093e-01   9.5071493e-01   7.8329982e-01   8.5671046e-01   9.1346895e-01   9.2106158e-01   8.7026529e-01   9.6846713e-01
   9.4312667e-01   8.6137744e-01   3.7693773e-01   5.9236382e-01   6.0812725e-01   8.6624408e-01   9.9681804e-01   7.7027255e-01   8.6222908e-01   8.5849975e-01   8.8886693e-01   1.0000000e+00   9.0581366e-01   6.8585879e-01   3.5921662e-01   7.4545766e-01   4.2978051e-01   9.9781452e-01   9.9147488e-01   6.7156617e-01   5.5618652e-01   8.9761560e-01
   8.1153345e-01   9.8487376e-01   6.6061836e-01   8.6107820e-01   8.5923218e-01   9.9580637e-01   8.9252359e-01   8.9877728e-01   9.8540182e-01   9.8753190e-01   9.5771986e-01   9.0581366e-01   1.0000000e+00   8.9531257e-01   6.2745621e-01   9.4255709e-01   7.3845919e-01   8.8296638e-01   9.5022684e-01   9.0159228e-01   8.1171978e-01   9.9885174e-01
   6.8718088e-01   8.5072330e-01   9.2551666e-01   9.8504855e-01   9.9355797e-01   9.2824139e-01   6.9307250e-01   9.7731034e-01   8.5191267e-01   9.5343681e-01   9.3702714e-01   6.8585879e-01   8.9531257e-01   1.0000000e+00   9.0835801e-01   9.9107947e-01   9.5086939e-01   6.3781234e-01   7.4532438e-01   9.9647344e-01   9.8597584e-01   9.1422304e-01
   4.5755744e-01   5.5901746e-01   9.9702205e-01   9.0937122e-01   9.2819908e-01   6.8771834e-01   3.8622294e-01   8.7157322e-01   5.6067788e-01   7.4138189e-01   7.4662093e-01   3.5921662e-01   6.2745621e-01   9.0835801e-01   1.0000000e+00   8.4708064e-01   9.6413598e-01   2.9678953e-01   4.1809350e-01   8.9390348e-01   9.6068000e-01   6.6207165e-01
   7.0747091e-01   9.1301851e-01   8.7215603e-01   9.7855886e-01   9.8068454e-01   9.6776506e-01   7.4388864e-01   9.6519641e-01   9.1392071e-01   9.8102415e-01   9.5071493e-01   7.4545766e-01   9.4255709e-01   9.9107947e-01   8.4708064e-01   1.0000000e+00   9.1966120e-01   7.0328316e-01   8.0753245e-01   9.9417820e-01   9.5980960e-01   9.5543202e-01
   4.3901641e-01   7.1017622e-01   9.8166779e-01   9.7800545e-01   9.7810688e-01   7.9601383e-01   4.3614589e-01   8.7930506e-01   7.1114965e-01   8.2611744e-01   7.8329982e-01   4.2978051e-01   7.3845919e-01   9.5086939e-01   9.6413598e-01   9.1966120e-01   1.0000000e+00   3.7199893e-01   5.1172278e-01   9.5659085e-01   9.8669190e-01   7.6368691e-01
   9.3208502e-01   8.4263776e-01   3.1527248e-01   5.4233619e-01   5.5699180e-01   8.3825208e-01   9.9250922e-01   7.2645086e-01   8.4338680e-01   8.2638718e-01   8.5671046e-01   9.9781452e-01   8.8296638e-01   6.3781234e-01   2.9678953e-01   7.0328316e-01   3.7199893e-01   1.0000000e+00   9.8513408e-01   6.2436428e-01   5.0142071e-01   8.7208174e-01
   9.0909738e-01   9.2020767e-01   4.4334611e-01   6.7085967e-01   6.7893843e-01   9.1867764e-01   9.8204869e-01   8.0385143e-01   9.2085587e-01   9.0646729e-01   9.1346895e-01   9.9147488e-01   9.5022684e-01   7.4532438e-01   4.1809350e-01   8.0753245e-01   5.1172278e-01   9.8513408e-01   1.0000000e+00   7.3970243e-01   6.2361235e-01   9.4200154e-01
   6.4720025e-01   8.7121933e-01   9.1702448e-01   9.9404424e-01   9.9596964e-01   9.3603827e-01   6.7246257e-01   9.5835284e-01   8.7216773e-01   9.5447878e-01   9.2106158e-01   6.7156617e-01   9.0159228e-01   9.9647344e-01   8.9390348e-01   9.9417820e-01   9.5659085e-01   6.2436428e-01   7.3970243e-01   1.0000000e+00   9.8311328e-01   9.1818975e-01
   5.7886014e-01   7.6668101e-01   9.7436102e-01   9.8685263e-01   9.9493364e-01   8.5820290e-01   5.6712697e-01   9.4500961e-01   7.6791791e-01   8.9093373e-01   8.7026529e-01   5.5618652e-01   8.1171978e-01   9.8597584e-01   9.6068000e-01   9.5980960e-01   9.8669190e-01   5.0142071e-01   6.2361235e-01   9.8311328e-01   1.0000000e+00   8.3599784e-01
   8.1650566e-01   9.7791410e-01   6.9284772e-01   8.7877435e-01   8.7923543e-01   9.9766881e-01   8.8738716e-01   9.1859222e-01   9.7855800e-01   9.9377375e-01   9.6846713e-01   8.9761560e-01   9.9885174e-01   9.1422304e-01   6.6207165e-01   9.5543202e-01   7.6368691e-01   8.7208174e-01   9.4200154e-01   9.1818975e-01   8.3599784e-01   1.0000000e+00
