   1.0000000e+00   6.9935029e-01   7.0973210e-01   6.7642316e-01   7.0199240e-01   6.7901874e-01   6.8083034e-01   6.8978389e-01   6.9350914e-01   7.1727891e-01   7.1329185e-01   6.4366392e-01   6.8988727e-01   7.1702735e-01   6.9035744e-01   6.8105348e-01   6.6755808e-01   6.9168986e-01   6.8431241e-01   6.9431312e-01   7.0985349e-01   6.4649738e-01
   6.9935029e-01   1.0000000e+00   8.8561412e-01   8.8066677e-01   8.8726808e-01   8.6212766e-01   8.6647883e-01   8.7634238e-01   9.1158500e-01   8.2658167e-01   8.7007516e-01   8.5223709e-01   8.5708670e-01   8.5691628e-01   8.9751178e-01   8.4650644e-01   8.3040520e-01   8.6796394e-01   8.6812347e-01   8.6286046e-01   8.8046774e-01   8.8724450e-01
   7.0973210e-01   8.8561412e-01   1.0000000e+00   9.3669917e-01   9.5109320e-01   8.8639680e-01   8.8435883e-01   9.3996319e-01   9.1702630e-01   8.5856483e-01   8.9276505e-01   8.2878013e-01   8.5929083e-01   8.4521751e-01   9.2426520e-01   9.0545457e-01   8.1092728e-01   8.9435612e-01   8.9027912e-01   9.3341531e-01   9.5211818e-01   8.8071958e-01
   6.7642316e-01   8.8066677e-01   9.3669917e-01   1.0000000e+00   9.6252578e-01   8.8470690e-01   8.7736787e-01   9.4209657e-01   9.0127915e-01   8.5774998e-01   8.9233243e-01   8.1955772e-01   8.7914600e-01   8.3830045e-01   9.4300047e-01   8.8635079e-01   8.0345816e-01   9.0247374e-01   8.7724701e-01   9.3079757e-01   9.2584423e-01   8.6849993e-01
   7.0199240e-01   8.8726808e-01   9.5109320e-01   9.6252578e-01   1.0000000e+00   8.7501864e-01   8.7338787e-01   9.5555777e-01   9.1023060e-01   8.6029676e-01   8.9442462e-01   8.5226781e-01   8.9041973e-01   8.3593388e-01   9.4482926e-01   8.8886669e-01   8.4794532e-01   8.9955247e-01   8.7296382e-01   9.4002860e-01   9.5305383e-01   9.0348437e-01
   6.7901874e-01   8.6212766e-01   8.8639680e-01   8.8470690e-01   8.7501864e-01   1.0000000e+00   8.5471952e-01   8.7504581e-01   8.8058479e-01   8.8701466e-01   8.9694988e-01   8.3636676e-01   8.6192759e-01   9.2049696e-01   8.7602760e-01   8.4610111e-01   7.9325200e-01   8.6321238e-01   8.6988382e-01   8.6647158e-01   8.6419983e-01   8.7053434e-01
   6.8083034e-01   8.6647883e-01   8.8435883e-01   8.7736787e-01   8.7338787e-01   8.5471952e-01   1.0000000e+00   8.9250014e-01   8.8450735e-01   8.4938013e-01   8.8151823e-01   8.2820288e-01   8.6780028e-01   8.2494663e-01   8.8990957e-01   8.6699011e-01   7.7884302e-01   8.7056934e-01   8.8578284e-01   8.5450826e-01   8.7303293e-01   8.6569950e-01
   6.8978389e-01   8.7634238e-01   9.3996319e-01   9.4209657e-01   9.5555777e-01   8.7504581e-01   8.9250014e-01   1.0000000e+00   8.9522237e-01   8.5124413e-01   8.9760086e-01   8.2869416e-01   8.8945538e-01   8.4065268e-01   9.4970439e-01   8.8457071e-01   8.1469096e-01   8.9836568e-01   8.9037053e-01   9.0568036e-01   9.2302272e-01   8.8498470e-01
   6.9350914e-01   9.1158500e-01   9.1702630e-01   9.0127915e-01   9.1023060e-01   8.8058479e-01   8.8450735e-01   8.9522237e-01   1.0000000e+00   8.4326249e-01   8.8252984e-01   8.7346594e-01   8.7832423e-01   8.5857330e-01   8.8454109e-01   8.7599622e-01   8.6097329e-01   8.8302972e-01   8.9870966e-01   8.9067373e-01   9.1353358e-01   8.9471534e-01
   7.1727891e-01   8.2658167e-01   8.5856483e-01   8.5774998e-01   8.6029676e-01   8.8701466e-01   8.4938013e-01   8.5124413e-01   8.4326249e-01   1.0000000e+00   8.6702071e-01   7.8652701e-01   8.3462223e-01   8.5965015e-01   8.5969716e-01   8.1839074e-01   7.9937327e-01   8.5409608e-01   8.6174713e-01   8.4272259e-01   8.4003999e-01   8.1874779e-01
   7.1329185e-01   8.7007516e-01   8.9276505e-01   8.9233243e-01   8.9442462e-01   8.9694988e-01   8.8151823e-01   8.9760086e-01   8.8252984e-01   8.6702071e-01   1.0000000e+00   8.5548175e-01   8.7124529e-01   8.9301107e-01   8.9704091e-01   8.5204600e-01   8.1159102e-01   8.6093474e-01   9.0820322e-01   8.7325282e-01   8.8804578e-01   8.8731293e-01
   6.4366392e-01   8.5223709e-01   8.2878013e-01   8.1955772e-01   8.5226781e-01   8.3636676e-01   8.2820288e-01   8.2869416e-01   8.7346594e-01   7.8652701e-01   8.5548175e-01   1.0000000e+00   8.3651323e-01   8.1637448e-01   8.2486039e-01   8.0443398e-01   8.2955765e-01   7.9343592e-01   8.3414678e-01   8.0813842e-01   8.4125906e-01   9.5934112e-01
   6.8988727e-01   8.5708670e-01   8.5929083e-01   8.7914600e-01   8.9041973e-01   8.6192759e-01   8.6780028e-01   8.8945538e-01   8.7832423e-01   8.3462223e-01   8.7124529e-01   8.3651323e-01   1.0000000e+00   8.2777465e-01   8.9631428e-01   8.4220237e-01   8.2718036e-01   8.8121041e-01   8.5028746e-01   8.6435846e-01   8.5782037e-01   8.4744098e-01
   7.1702735e-01   8.5691628e-01   8.4521751e-01   8.3830045e-01   8.3593388e-01   9.2049696e-01   8.2494663e-01   8.4065268e-01   8.5857330e-01   8.5965015e-01   8.9301107e-01   8.1637448e-01   8.2777465e-01   1.0000000e+00   8.4311421e-01   8.3441187e-01   8.1215837e-01   8.4681803e-01   8.4292780e-01   8.3717903e-01   8.3596506e-01   8.4611730e-01
   6.9035744e-01   8.9751178e-01   9.2426520e-01   9.4300047e-01   9.4482926e-01   8.7602760e-01   8.8990957e-01   9.4970439e-01   8.8454109e-01   8.5969716e-01   8.9704091e-01   8.2486039e-01   8.9631428e-01   8.4311421e-01   1.0000000e+00   8.7982495e-01   8.1294906e-01   8.9056603e-01   8.9216786e-01   9.0152893e-01   9.1311653e-01   8.7078808e-01
   6.8105348e-01   8.4650644e-01   9.0545457e-01   8.8635079e-01   8.8886669e-01   8.4610111e-01   8.6699011e-01   8.8457071e-01   8.7599622e-01   8.1839074e-01   8.5204600e-01   8.0443398e-01   8.4220237e-01   8.3441187e-01   8.7982495e-01   1.0000000e+00   8.0430418e-01   8.7604165e-01   8.4302361e-01   8.4161053e-01   8.9509592e-01   8.5326821e-01
   6.6755808e-01   8.3040520e-01   8.1092728e-01   8.0345816e-01   8.4794532e-01   7.9325200e-01   7.7884302e-01   8.1469096e-01   8.6097329e-01   7.9937327e-01   8.1159102e-01   8.2955765e-01   8.2718036e-01   8.1215837e-01   8.1294906e-01   8.0430418e-01   1.0000000e+00   7.9536441e-01   7.8458807e-01   8.0151326e-01   8.5160465e-01   8.6785858e-01
   6.9168986e-01   8.6796394e-01   8.9435612e-01   9.0247374e-01   8.9955247e-01   8.6321238e-01   8.7056934e-01   8.9836568e-01   8.8302972e-01   8.5409608e-01   8.6093474e-01   7.9343592e-01   8.8121041e-01   8.4681803e-01   8.9056603e-01   8.7604165e-01   7.9536441e-01   1.0000000e+00   8.5931777e-01   8.8608842e-01   8.9466890e-01   8.3937357e-01
   6.8431241e-01   8.6812347e-01   8.9027912e-01   8.7724701e-01   8.7296382e-01   8.6988382e-01   8.8578284e-01   8.9037053e-01   8.9870966e-01   8.6174713e-01   9.0820322e-01   8.3414678e-01   8.5028746e-01   8.4292780e-01   8.9216786e-01   8.4302361e-01   7.8458807e-01   8.5931777e-01   1.0000000e+00   8.5509808e-01   8.7622813e-01   8.6463301e-01
   6.9431312e-01   8.6286046e-01   9.3341531e-01   9.3079757e-01   9.4002860e-01   8.6647158e-01   8.5450826e-01   9.0568036e-01   8.9067373e-01   8.4272259e-01   8.7325282e-01   8.0813842e-01   8.6435846e-01   8.3717903e-01   9.0152893e-01   8.4161053e-01   8.0151326e-01   8.8608842e-01   8.5509808e-01   1.0000000e+00   9.4544528e-01   8.5975264e-01
   7.0985349e-01   8.8046774e-01   9.5211818e-01   9.2584423e-01   9.5305383e-01   8.6419983e-01   8.7303293e-01   9.2302272e-01   9.1353358e-01   8.4003999e-01   8.8804578e-01   8.4125906e-01   8.5782037e-01   8.3596506e-01   9.1311653e-01   8.9509592e-01   8.5160465e-01   8.9466890e-01   8.7622813e-01   9.4544528e-01   1.0000000e+00   8.9075250e-01
   6.4649738e-01   8.8724450e-01   8.8071958e-01   8.6849993e-01   9.0348437e-01   8.7053434e-01   8.6569950e-01   8.8498470e-01   8.9471534e-01   8.1874779e-01   8.8731293e-01   9.5934112e-01   8.4744098e-01   8.4611730e-01   8.7078808e-01   8.5326821e-01   8.6785858e-01   8.3937357e-01   8.6463301e-01   8.5975264e-01   8.9075250e-01   1.0000000e+00
