   1.0000000e+00   6.9627705e-01   7.2424359e-01   7.2518034e-01   7.3315017e-01   7.6076601e-01   7.7168955e-01   7.2217328e-01   7.1551772e-01   7.4551825e-01   7.7047321e-01   6.4424773e-01   7.3829148e-01   7.8164699e-01   7.4053001e-01   7.6348961e-01   6.9926085e-01   7.3299914e-01   7.7499558e-01   7.3585461e-01   7.6721734e-01   6.9795615e-01
   6.9627705e-01   1.0000000e+00   9.6749307e-01   9.5235441e-01   9.5806485e-01   9.5224388e-01   9.5524132e-01   9.5699812e-01   9.7515552e-01   9.4341375e-01   9.5172173e-01   9.5637353e-01   9.4495286e-01   9.3558635e-01   9.5833669e-01   9.4895723e-01   8.9693971e-01   9.2346957e-01   9.5616430e-01   9.3721313e-01   9.5445961e-01   9.7029256e-01
   7.2424359e-01   9.6749307e-01   1.0000000e+00   9.6987991e-01   9.6957595e-01   9.4905670e-01   9.5636156e-01   9.7944706e-01   9.6446381e-01   9.5145556e-01   9.4604725e-01   9.3762065e-01   9.4767648e-01   9.2923623e-01   9.8072360e-01   9.4734592e-01   8.6230935e-01   9.3055939e-01   9.4999541e-01   9.6573725e-01   9.7270997e-01   9.5946123e-01
   7.2518034e-01   9.5235441e-01   9.6987991e-01   1.0000000e+00   9.8054492e-01   9.4297709e-01   9.4929898e-01   9.7166812e-01   9.6402907e-01   9.4106355e-01   9.4640966e-01   9.1836576e-01   9.5409445e-01   9.3633442e-01   9.6876181e-01   9.4545628e-01   8.5480464e-01   9.4715185e-01   9.3190388e-01   9.7364032e-01   9.6459886e-01   9.4021283e-01
   7.3315017e-01   9.5806485e-01   9.6957595e-01   9.8054492e-01   1.0000000e+00   9.5267711e-01   9.5808245e-01   9.7430072e-01   9.6740335e-01   9.4385800e-01   9.5536859e-01   9.3160953e-01   9.4510134e-01   9.4068365e-01   9.7140688e-01   9.4913963e-01   8.7973178e-01   9.3581340e-01   9.4769978e-01   9.7283366e-01   9.7914512e-01   9.4544540e-01
   7.6076601e-01   9.5224388e-01   9.4905670e-01   9.4297709e-01   9.5267711e-01   1.0000000e+00   9.4653711e-01   9.4047158e-01   9.4599804e-01   9.5285205e-01   9.7766317e-01   9.1810228e-01   9.3914102e-01   9.6535112e-01   9.3705699e-01   9.3138965e-01   8.6944317e-01   9.1750866e-01   9.6388284e-01   9.3241519e-01   9.4645872e-01   9.3769885e-01
   7.7168955e-01   9.5524132e-01   9.5636156e-01   9.4929898e-01   9.5808245e-01   9.4653711e-01   1.0000000e+00   9.5572191e-01   9.5667284e-01   9.5212281e-01   9.5329046e-01   9.2834149e-01   9.5084735e-01   9.3764456e-01   9.6040288e-01   9.4762037e-01   8.5604173e-01   9.3766456e-01   9.6394334e-01   9.3231414e-01   9.5128058e-01   9.4394812e-01
   7.2217328e-01   9.5699812e-01   9.7944706e-01   9.7166812e-01   9.7430072e-01   9.4047158e-01   9.5572191e-01   1.0000000e+00   9.6664203e-01   9.4547973e-01   9.3372875e-01   9.3561746e-01   9.6492460e-01   9.2698477e-01   9.8421385e-01   9.5330596e-01   8.5707228e-01   9.4666095e-01   9.4739526e-01   9.6128831e-01   9.6570661e-01   9.5136007e-01
   7.1551772e-01   9.7515552e-01   9.6446381e-01   9.6402907e-01   9.6740335e-01   9.4599804e-01   9.5667284e-01   9.6664203e-01   1.0000000e+00   9.3571437e-01   9.4589674e-01   9.5164759e-01   9.6419911e-01   9.4393186e-01   9.6527147e-01   9.6160699e-01   9.1159390e-01   9.4688990e-01   9.4342311e-01   9.5634329e-01   9.6654312e-01   9.6419200e-01
   7.4551825e-01   9.4341375e-01   9.5145556e-01   9.4106355e-01   9.4385800e-01   9.5285205e-01   9.5212281e-01   9.4547973e-01   9.3571437e-01   1.0000000e+00   9.4657042e-01   9.0439385e-01   9.3662033e-01   9.3668160e-01   9.3483051e-01   9.2660943e-01   8.3498227e-01   9.3158913e-01   9.5838810e-01   9.3095059e-01   9.4235263e-01   9.2633311e-01
   7.7047321e-01   9.5172173e-01   9.4604725e-01   9.4640966e-01   9.5536859e-01   9.7766317e-01   9.5329046e-01   9.3372875e-01   9.4589674e-01   9.4657042e-01   1.0000000e+00   9.2685053e-01   9.3366570e-01   9.7315550e-01   9.3835028e-01   9.3968160e-01   8.9177334e-01   9.1710340e-01   9.6531944e-01   9.3757694e-01   9.5733105e-01   9.4535098e-01
   6.4424773e-01   9.5637353e-01   9.3762065e-01   9.1836576e-01   9.3160953e-01   9.1810228e-01   9.2834149e-01   9.3561746e-01   9.5164759e-01   9.0439385e-01   9.2685053e-01   1.0000000e+00   9.2348197e-01   9.2223201e-01   9.2705667e-01   9.2150297e-01   9.1698776e-01   8.8592464e-01   9.1675699e-01   9.1310902e-01   9.3256425e-01   9.8621424e-01
   7.3829148e-01   9.4495286e-01   9.4767648e-01   9.5409445e-01   9.4510134e-01   9.3914102e-01   9.5084735e-01   9.6492460e-01   9.6419911e-01   9.3662033e-01   9.3366570e-01   9.2348197e-01   1.0000000e+00   9.3136067e-01   9.6026083e-01   9.6007957e-01   8.7551399e-01   9.6160981e-01   9.4513995e-01   9.4129234e-01   9.4530812e-01   9.4641633e-01
   7.8164699e-01   9.3558635e-01   9.2923623e-01   9.3633442e-01   9.4068365e-01   9.6535112e-01   9.3764456e-01   9.2698477e-01   9.4393186e-01   9.3668160e-01   9.7315550e-01   9.2223201e-01   9.3136067e-01   1.0000000e+00   9.2375771e-01   9.4058036e-01   9.1088586e-01   9.1535054e-01   9.3716322e-01   9.4199014e-01   9.5751433e-01   9.3936099e-01
   7.4053001e-01   9.5833669e-01   9.8072360e-01   9.6876181e-01   9.7140688e-01   9.3705699e-01   9.6040288e-01   9.8421385e-01   9.6527147e-01   9.3483051e-01   9.3835028e-01   9.2705667e-01   9.6026083e-01   9.2375771e-01   1.0000000e+00   9.5511547e-01   8.5709302e-01   9.4128229e-01   9.4327547e-01   9.6003269e-01   9.6792292e-01   9.4837416e-01
   7.6348961e-01   9.4895723e-01   9.4734592e-01   9.4545628e-01   9.4913963e-01   9.3138965e-01   9.4762037e-01   9.5330596e-01   9.6160699e-01   9.2660943e-01   9.3968160e-01   9.2150297e-01   9.6007957e-01   9.4058036e-01   9.5511547e-01   1.0000000e+00   8.9597959e-01   9.4980470e-01   9.3929368e-01   9.4269572e-01   9.5873233e-01   9.4780751e-01
   6.9926085e-01   8.9693971e-01   8.6230935e-01   8.5480464e-01   8.7973178e-01   8.6944317e-01   8.5604173e-01   8.5707228e-01   9.1159390e-01   8.3498227e-01   8.9177334e-01   9.1698776e-01   8.7551399e-01   9.1088586e-01   8.5709302e-01   8.9597959e-01   1.0000000e+00   8.3319482e-01   8.6058780e-01   8.7664306e-01   9.0660352e-01   9.2368322e-01
   7.3299914e-01   9.2346957e-01   9.3055939e-01   9.4715185e-01   9.3581340e-01   9.1750866e-01   9.3766456e-01   9.4666095e-01   9.4688990e-01   9.3158913e-01   9.1710340e-01   8.8592464e-01   9.6160981e-01   9.1535054e-01   9.4128229e-01   9.4980470e-01   8.3319482e-01   1.0000000e+00   9.3478933e-01   9.3533024e-01   9.3934436e-01   9.0726970e-01
   7.7499558e-01   9.5616430e-01   9.4999541e-01   9.3190388e-01   9.4769978e-01   9.6388284e-01   9.6394334e-01   9.4739526e-01   9.4342311e-01   9.5838810e-01   9.6531944e-01   9.1675699e-01   9.4513995e-01   9.3716322e-01   9.4327547e-01   9.3929368e-01   8.6058780e-01   9.3478933e-01   1.0000000e+00   9.1540834e-01   9.4434118e-01   9.3717101e-01
   7.3585461e-01   9.3721313e-01   9.6573725e-01   9.7364032e-01   9.7283366e-01   9.3241519e-01   9.3231414e-01   9.6128831e-01   9.5634329e-01   9.3095059e-01   9.3757694e-01   9.1310902e-01   9.4129234e-01   9.4199014e-01   9.6003269e-01   9.4269572e-01   8.7664306e-01   9.3533024e-01   9.1540834e-01   1.0000000e+00   9.8330444e-01   9.2897345e-01
   7.6721734e-01   9.5445961e-01   9.7270997e-01   9.6459886e-01   9.7914512e-01   9.4645872e-01   9.5128058e-01   9.6570661e-01   9.6654312e-01   9.4235263e-01   9.5733105e-01   9.3256425e-01   9.4530812e-01   9.5751433e-01   9.6792292e-01   9.5873233e-01   9.0660352e-01   9.3934436e-01   9.4434118e-01   9.8330444e-01   1.0000000e+00   9.5116265e-01
   6.9795615e-01   9.7029256e-01   9.5946123e-01   9.4021283e-01   9.4544540e-01   9.3769885e-01   9.4394812e-01   9.5136007e-01   9.6419200e-01   9.2633311e-01   9.4535098e-01   9.8621424e-01   9.4641633e-01   9.3936099e-01   9.4837416e-01   9.4780751e-01   9.2368322e-01   9.0726970e-01   9.3717101e-01   9.2897345e-01   9.5116265e-01   1.0000000e+00
