   1.0000000e+00   7.7141014e-01   7.6119446e-01   7.7233046e-01   7.7332767e-01   6.4534501e-01   6.6123567e-01   7.2858134e-01   7.4779484e-01   6.9009478e-01   6.4382575e-01   6.6996325e-01   7.3966393e-01   7.2806936e-01   7.7345614e-01   6.7063841e-01   6.6851265e-01   7.6193223e-01   7.2313272e-01   7.0681317e-01   7.4035235e-01   6.8239548e-01
   7.7141014e-01   1.0000000e+00   8.6262873e-01   8.5155919e-01   8.4440281e-01   7.9221406e-01   8.7882935e-01   8.5529049e-01   9.0217769e-01   8.4389881e-01   8.6753304e-01   8.2915160e-01   8.0860102e-01   8.6352138e-01   7.8868060e-01   8.4979468e-01   8.2903307e-01   8.1572105e-01   8.2143293e-01   7.8664635e-01   8.4660251e-01   8.7076842e-01
   7.6119446e-01   8.6262873e-01   1.0000000e+00   9.2090106e-01   9.2915614e-01   7.8548247e-01   8.5918899e-01   8.8651806e-01   8.8453741e-01   8.6838297e-01   8.6687165e-01   7.6493420e-01   8.4892033e-01   8.4911731e-01   9.0340900e-01   8.3086176e-01   8.1475798e-01   8.5319290e-01   8.3786076e-01   8.8559023e-01   9.2431596e-01   8.4090862e-01
   7.7233046e-01   8.5155919e-01   9.2090106e-01   1.0000000e+00   9.4260689e-01   7.7543636e-01   8.8099207e-01   8.6999744e-01   8.8727460e-01   8.1082914e-01   8.2404769e-01   7.7293391e-01   8.6366481e-01   8.2350501e-01   8.7776900e-01   8.2688023e-01   8.1382477e-01   8.8088084e-01   8.3144577e-01   8.8479042e-01   8.9850179e-01   8.2314815e-01
   7.7332767e-01   8.4440281e-01   9.2915614e-01   9.4260689e-01   1.0000000e+00   7.8872834e-01   8.6433144e-01   9.0500539e-01   9.0800162e-01   8.3510009e-01   8.3534721e-01   7.5706652e-01   8.3597989e-01   8.7125528e-01   8.9628936e-01   8.4105539e-01   8.2710826e-01   8.1945457e-01   8.3907031e-01   9.0346431e-01   9.2737941e-01   8.1638520e-01
   6.4534501e-01   7.9221406e-01   7.8548247e-01   7.7543636e-01   7.8872834e-01   1.0000000e+00   7.9030998e-01   7.5912576e-01   7.9355550e-01   8.2288329e-01   8.4809613e-01   7.5724726e-01   7.1267952e-01   8.4082871e-01   7.4286729e-01   7.1857119e-01   7.6469701e-01   7.3862642e-01   8.2596320e-01   7.4406838e-01   7.6833908e-01   7.5091822e-01
   6.6123567e-01   8.7882935e-01   8.5918899e-01   8.8099207e-01   8.6433144e-01   7.9030998e-01   1.0000000e+00   8.5614490e-01   8.9729407e-01   8.2870164e-01   8.1070535e-01   7.8073241e-01   8.3236762e-01   7.9046755e-01   8.3318992e-01   8.2823237e-01   7.8601318e-01   8.0002781e-01   8.1620192e-01   8.1491628e-01   8.4636103e-01   8.4935189e-01
   7.2858134e-01   8.5529049e-01   8.8651806e-01   8.6999744e-01   9.0500539e-01   7.5912576e-01   8.5614490e-01   1.0000000e+00   8.7592544e-01   8.2285887e-01   8.0240257e-01   7.6098718e-01   8.1895196e-01   8.2703051e-01   8.6138002e-01   8.6606742e-01   7.7148367e-01   8.1136738e-01   7.8264649e-01   7.9908158e-01   8.5589859e-01   8.2343276e-01
   7.4779484e-01   9.0217769e-01   8.8453741e-01   8.8727460e-01   9.0800162e-01   7.9355550e-01   8.9729407e-01   8.7592544e-01   1.0000000e+00   8.5329167e-01   8.3080135e-01   7.9058699e-01   8.3075941e-01   8.6072716e-01   8.6841984e-01   8.1218668e-01   8.6607590e-01   8.0417646e-01   7.9585977e-01   8.6124072e-01   8.9772727e-01   8.4733756e-01
   6.9009478e-01   8.4389881e-01   8.6838297e-01   8.1082914e-01   8.3510009e-01   8.2288329e-01   8.2870164e-01   8.2285887e-01   8.5329167e-01   1.0000000e+00   8.6922277e-01   7.6686214e-01   7.8543458e-01   8.4787125e-01   7.7858587e-01   8.1528003e-01   7.9414925e-01   7.9614997e-01   8.0405168e-01   8.4217082e-01   8.6009033e-01   8.1471651e-01
   6.4382575e-01   8.6753304e-01   8.6687165e-01   8.2404769e-01   8.3534721e-01   8.4809613e-01   8.1070535e-01   8.0240257e-01   8.3080135e-01   8.6922277e-01   1.0000000e+00   8.2495765e-01   8.1622760e-01   8.7214027e-01   7.6965277e-01   7.9382171e-01   8.3506888e-01   8.1536331e-01   8.3805378e-01   8.5054484e-01   8.5109457e-01   8.6344138e-01
   6.6996325e-01   8.2915160e-01   7.6493420e-01   7.7293391e-01   7.5706652e-01   7.5724726e-01   7.8073241e-01   7.6098718e-01   7.9058699e-01   7.6686214e-01   8.2495765e-01   1.0000000e+00   7.8421732e-01   8.1269524e-01   7.1209897e-01   8.1787529e-01   7.9409878e-01   7.7600274e-01   7.9123883e-01   7.2097378e-01   7.4130313e-01   9.5154913e-01
   7.3966393e-01   8.0860102e-01   8.4892033e-01   8.6366481e-01   8.3597989e-01   7.1267952e-01   8.3236762e-01   8.1895196e-01   8.3075941e-01   7.8543458e-01   8.1622760e-01   7.8421732e-01   1.0000000e+00   7.7781979e-01   7.9258022e-01   7.7403552e-01   7.6577348e-01   8.9968276e-01   8.0581584e-01   7.9107781e-01   7.9016558e-01   8.5179766e-01
   7.2806936e-01   8.6352138e-01   8.4911731e-01   8.2350501e-01   8.7125528e-01   8.4082871e-01   7.9046755e-01   8.2703051e-01   8.6072716e-01   8.4787125e-01   8.7214027e-01   8.1269524e-01   7.7781979e-01   1.0000000e+00   7.7388819e-01   8.3398688e-01   8.8256453e-01   7.6199981e-01   8.3002568e-01   8.2611730e-01   8.5955650e-01   8.3954376e-01
   7.7345614e-01   7.8868060e-01   9.0340900e-01   8.7776900e-01   8.9628936e-01   7.4286729e-01   8.3318992e-01   8.6138002e-01   8.6841984e-01   7.7858587e-01   7.6965277e-01   7.1209897e-01   7.9258022e-01   7.7388819e-01   1.0000000e+00   7.8133774e-01   7.5063110e-01   7.9236134e-01   7.8855640e-01   8.6206592e-01   8.5459284e-01   7.6423978e-01
   6.7063841e-01   8.4979468e-01   8.3086176e-01   8.2688023e-01   8.4105539e-01   7.1857119e-01   8.2823237e-01   8.6606742e-01   8.1218668e-01   8.1528003e-01   7.9382171e-01   8.1787529e-01   7.7403552e-01   8.3398688e-01   7.8133774e-01   1.0000000e+00   7.8203753e-01   7.4976109e-01   8.0484193e-01   8.0277281e-01   8.4674684e-01   8.3900936e-01
   6.6851265e-01   8.2903307e-01   8.1475798e-01   8.1382477e-01   8.2710826e-01   7.6469701e-01   7.8601318e-01   7.7148367e-01   8.6607590e-01   7.9414925e-01   8.3506888e-01   7.9409878e-01   7.6577348e-01   8.8256453e-01   7.5063110e-01   7.8203753e-01   1.0000000e+00   7.2556437e-01   7.3365368e-01   8.2510309e-01   8.5113340e-01   8.1943481e-01
   7.6193223e-01   8.1572105e-01   8.5319290e-01   8.8088084e-01   8.1945457e-01   7.3862642e-01   8.0002781e-01   8.1136738e-01   8.0417646e-01   7.9614997e-01   8.1536331e-01   7.7600274e-01   8.9968276e-01   7.6199981e-01   7.9236134e-01   7.4976109e-01   7.2556437e-01   1.0000000e+00   7.8406373e-01   8.1359710e-01   8.0705868e-01   8.2690209e-01
   7.2313272e-01   8.2143293e-01   8.3786076e-01   8.3144577e-01   8.3907031e-01   8.2596320e-01   8.1620192e-01   7.8264649e-01   7.9585977e-01   8.0405168e-01   8.3805378e-01   7.9123883e-01   8.0581584e-01   8.3002568e-01   7.8855640e-01   8.0484193e-01   7.3365368e-01   7.8406373e-01   1.0000000e+00   8.0844142e-01   8.0219046e-01   8.2565560e-01
   7.0681317e-01   7.8664635e-01   8.8559023e-01   8.8479042e-01   9.0346431e-01   7.4406838e-01   8.1491628e-01   7.9908158e-01   8.6124072e-01   8.4217082e-01   8.5054484e-01   7.2097378e-01   7.9107781e-01   8.2611730e-01   8.6206592e-01   8.0277281e-01   8.2510309e-01   8.1359710e-01   8.0844142e-01   1.0000000e+00   9.4370523e-01   7.9050113e-01
   7.4035235e-01   8.4660251e-01   9.2431596e-01   8.9850179e-01   9.2737941e-01   7.6833908e-01   8.4636103e-01   8.5589859e-01   8.9772727e-01   8.6009033e-01   8.5109457e-01   7.4130313e-01   7.9016558e-01   8.5955650e-01   8.5459284e-01   8.4674684e-01   8.5113340e-01   8.0705868e-01   8.0219046e-01   9.4370523e-01   1.0000000e+00   8.0029274e-01
   6.8239548e-01   8.7076842e-01   8.4090862e-01   8.2314815e-01   8.1638520e-01   7.5091822e-01   8.4935189e-01   8.2343276e-01   8.4733756e-01   8.1471651e-01   8.6344138e-01   9.5154913e-01   8.5179766e-01   8.3954376e-01   7.6423978e-01   8.3900936e-01   8.1943481e-01   8.2690209e-01   8.2565560e-01   7.9050113e-01   8.0029274e-01   1.0000000e+00
