   1.0000000e+00   5.2075794e-01   6.6571167e-01   6.5841293e-01   7.2013030e-01   5.5104826e-01   5.8467258e-01   6.8273615e-01   6.5419574e-01   6.2333835e-01   5.0641103e-01   5.4067562e-01   6.0917351e-01   5.5250721e-01   6.6130857e-01   6.4223709e-01   5.5554675e-01   6.0331621e-01   4.4561503e-01   7.0674741e-01   6.8858454e-01   5.2071829e-01
   5.2075794e-01   1.0000000e+00   6.6396332e-01   5.8602266e-01   6.7375628e-01   6.3037152e-01   6.2910128e-01   6.3884194e-01   6.5933228e-01   6.4900422e-01   6.1523584e-01   6.2453761e-01   6.3064706e-01   6.6185938e-01   6.2754695e-01   6.8372307e-01   6.8058892e-01   6.2361478e-01   5.9932905e-01   6.3239641e-01   6.9168485e-01   6.1661118e-01
   6.6571167e-01   6.6396332e-01   1.0000000e+00   7.6244407e-01   7.9999146e-01   7.1472244e-01   6.9483130e-01   7.3450155e-01   6.7331411e-01   7.1188507e-01   6.6418165e-01   5.7996053e-01   7.4265686e-01   7.1757413e-01   7.6998731e-01   7.5177737e-01   6.4165574e-01   6.5523964e-01   6.4278129e-01   8.2984484e-01   8.4528470e-01   5.9668289e-01
   6.5841293e-01   5.8602266e-01   7.6244407e-01   1.0000000e+00   8.3576453e-01   7.0735194e-01   5.7933741e-01   7.5942025e-01   6.3945066e-01   6.2327542e-01   6.8474698e-01   6.2117955e-01   7.1559384e-01   6.3151254e-01   6.8137128e-01   6.5187106e-01   5.3086190e-01   6.0955092e-01   5.5130591e-01   8.0962564e-01   7.6223467e-01   6.0773745e-01
   7.2013030e-01   6.7375628e-01   7.9999146e-01   8.3576453e-01   1.0000000e+00   7.1000568e-01   6.8168330e-01   8.5193881e-01   7.6672326e-01   7.1351254e-01   7.4000839e-01   6.3477948e-01   7.4522619e-01   7.2734086e-01   7.8682632e-01   7.1552316e-01   6.7224620e-01   6.8565758e-01   6.2385877e-01   8.4047087e-01   8.3895936e-01   6.5143875e-01
   5.5104826e-01   6.3037152e-01   7.1472244e-01   7.0735194e-01   7.1000568e-01   1.0000000e+00   6.4279494e-01   6.6189408e-01   6.8775993e-01   7.0425833e-01   7.3968647e-01   7.2417507e-01   7.5087713e-01   7.6534122e-01   6.8505161e-01   7.1511531e-01   6.2244376e-01   5.8383467e-01   6.7116948e-01   7.3366052e-01   7.6502426e-01   7.2543100e-01
   5.8467258e-01   6.2910128e-01   6.9483130e-01   5.7933741e-01   6.8168330e-01   6.4279494e-01   1.0000000e+00   6.5362156e-01   6.7412207e-01   6.2017525e-01   5.6321480e-01   6.1826364e-01   6.6724820e-01   6.7311297e-01   6.5422984e-01   6.9403278e-01   5.9847012e-01   6.4821079e-01   6.1108490e-01   6.6848972e-01   6.6550699e-01   6.0219711e-01
   6.8273615e-01   6.3884194e-01   7.3450155e-01   7.5942025e-01   8.5193881e-01   6.6189408e-01   6.5362156e-01   1.0000000e+00   7.2553886e-01   6.7266545e-01   6.9613357e-01   6.4906257e-01   7.6318043e-01   6.8615857e-01   7.6494794e-01   6.6601927e-01   6.1509886e-01   6.1821837e-01   6.0767637e-01   7.5944675e-01   7.4900352e-01   6.6184094e-01
   6.5419574e-01   6.5933228e-01   6.7331411e-01   6.3945066e-01   7.6672326e-01   6.8775993e-01   6.7412207e-01   7.2553886e-01   1.0000000e+00   7.0141038e-01   6.3468866e-01   7.6935487e-01   6.9030459e-01   7.1565489e-01   7.0711753e-01   7.3009654e-01   7.3868156e-01   7.0365361e-01   6.9224075e-01   7.6346304e-01   7.6319957e-01   7.5923183e-01
   6.2333835e-01   6.4900422e-01   7.1188507e-01   6.2327542e-01   7.1351254e-01   7.0425833e-01   6.2017525e-01   6.7266545e-01   7.0141038e-01   1.0000000e+00   6.8894680e-01   6.5549905e-01   6.6311830e-01   6.7375271e-01   7.1095567e-01   6.8918829e-01   6.3410739e-01   6.0757604e-01   6.4469529e-01   6.8257555e-01   7.2681199e-01   6.1462807e-01
   5.0641103e-01   6.1523584e-01   6.6418165e-01   6.8474698e-01   7.4000839e-01   7.3968647e-01   5.6321480e-01   6.9613357e-01   6.3468866e-01   6.8894680e-01   1.0000000e+00   6.7845948e-01   6.9357199e-01   6.7045878e-01   6.4919761e-01   6.8147024e-01   6.1509798e-01   5.3899997e-01   6.3168507e-01   6.8537649e-01   7.2294714e-01   6.8362329e-01
   5.4067562e-01   6.2453761e-01   5.7996053e-01   6.2117955e-01   6.3477948e-01   7.2417507e-01   6.1826364e-01   6.4906257e-01   7.6935487e-01   6.5549905e-01   6.7845948e-01   1.0000000e+00   6.6818467e-01   6.5825852e-01   6.4427217e-01   6.9765665e-01   6.3035643e-01   5.5971199e-01   6.9728617e-01   6.3257332e-01   6.6068045e-01   8.8633705e-01
   6.0917351e-01   6.3064706e-01   7.4265686e-01   7.1559384e-01   7.4522619e-01   7.5087713e-01   6.6724820e-01   7.6318043e-01   6.9030459e-01   6.6311830e-01   6.9357199e-01   6.6818467e-01   1.0000000e+00   7.1267877e-01   7.3644228e-01   7.1101335e-01   6.9918072e-01   6.8545887e-01   6.7421644e-01   7.2005286e-01   7.1837167e-01   6.9433226e-01
   5.5250721e-01   6.6185938e-01   7.1757413e-01   6.3151254e-01   7.2734086e-01   7.6534122e-01   6.7311297e-01   6.8615857e-01   7.1565489e-01   6.7375271e-01   6.7045878e-01   6.5825852e-01   7.1267877e-01   1.0000000e+00   7.2708491e-01   7.3698946e-01   6.4672723e-01   6.2159206e-01   6.5551457e-01   7.4280165e-01   7.6222000e-01   6.5796230e-01
   6.6130857e-01   6.2754695e-01   7.6998731e-01   6.8137128e-01   7.8682632e-01   6.8505161e-01   6.5422984e-01   7.6494794e-01   7.0711753e-01   7.1095567e-01   6.4919761e-01   6.4427217e-01   7.3644228e-01   7.2708491e-01   1.0000000e+00   7.2039610e-01   6.4096810e-01   6.1525120e-01   6.6348665e-01   7.8822586e-01   8.2769509e-01   6.1448550e-01
   6.4223709e-01   6.8372307e-01   7.5177737e-01   6.5187106e-01   7.1552316e-01   7.1511531e-01   6.9403278e-01   6.6601927e-01   7.3009654e-01   6.8918829e-01   6.8147024e-01   6.9765665e-01   7.1101335e-01   7.3698946e-01   7.2039610e-01   1.0000000e+00   7.0463645e-01   6.5918886e-01   6.9633861e-01   7.5495482e-01   7.6006360e-01   7.1268810e-01
   5.5554675e-01   6.8058892e-01   6.4165574e-01   5.3086190e-01   6.7224620e-01   6.2244376e-01   5.9847012e-01   6.1509886e-01   7.3868156e-01   6.3410739e-01   6.1509798e-01   6.3035643e-01   6.9918072e-01   6.4672723e-01   6.4096810e-01   7.0463645e-01   1.0000000e+00   6.0646001e-01   6.0727592e-01   6.2735910e-01   6.8899883e-01   6.2847841e-01
   6.0331621e-01   6.2361478e-01   6.5523964e-01   6.0955092e-01   6.8565758e-01   5.8383467e-01   6.4821079e-01   6.1821837e-01   7.0365361e-01   6.0757604e-01   5.3899997e-01   5.5971199e-01   6.8545887e-01   6.2159206e-01   6.1525120e-01   6.5918886e-01   6.0646001e-01   1.0000000e+00   5.3336141e-01   6.8447397e-01   6.9507303e-01   5.3602465e-01
   4.4561503e-01   5.9932905e-01   6.4278129e-01   5.5130591e-01   6.2385877e-01   6.7116948e-01   6.1108490e-01   6.0767637e-01   6.9224075e-01   6.4469529e-01   6.3168507e-01   6.9728617e-01   6.7421644e-01   6.5551457e-01   6.6348665e-01   6.9633861e-01   6.0727592e-01   5.3336141e-01   1.0000000e+00   6.1641222e-01   6.7564855e-01   6.9684199e-01
   7.0674741e-01   6.3239641e-01   8.2984484e-01   8.0962564e-01   8.4047087e-01   7.3366052e-01   6.6848972e-01   7.5944675e-01   7.6346304e-01   6.8257555e-01   6.8537649e-01   6.3257332e-01   7.2005286e-01   7.4280165e-01   7.8822586e-01   7.5495482e-01   6.2735910e-01   6.8447397e-01   6.1641222e-01   1.0000000e+00   8.7221853e-01   6.0059317e-01
   6.8858454e-01   6.9168485e-01   8.4528470e-01   7.6223467e-01   8.3895936e-01   7.6502426e-01   6.6550699e-01   7.4900352e-01   7.6319957e-01   7.2681199e-01   7.2294714e-01   6.6068045e-01   7.1837167e-01   7.6222000e-01   8.2769509e-01   7.6006360e-01   6.8899883e-01   6.9507303e-01   6.7564855e-01   8.7221853e-01   1.0000000e+00   6.6503197e-01
   5.2071829e-01   6.1661118e-01   5.9668289e-01   6.0773745e-01   6.5143875e-01   7.2543100e-01   6.0219711e-01   6.6184094e-01   7.5923183e-01   6.1462807e-01   6.8362329e-01   8.8633705e-01   6.9433226e-01   6.5796230e-01   6.1448550e-01   7.1268810e-01   6.2847841e-01   5.3602465e-01   6.9684199e-01   6.0059317e-01   6.6503197e-01   1.0000000e+00
