   1.0000000e+00   7.6187345e-01   8.8228875e-01   8.5963113e-01   8.8062516e-01   8.0103402e-01   7.9853963e-01   8.5175738e-01   7.9204875e-01   7.8993010e-01   7.9501421e-01   7.5532203e-01   8.1306016e-01   8.3099382e-01   8.3648448e-01   7.8659437e-01   7.5111308e-01   7.9531050e-01   7.8257400e-01   8.7340309e-01   8.8111857e-01   7.7513524e-01
   7.6187345e-01   1.0000000e+00   7.1693785e-01   7.3123299e-01   8.0153206e-01   7.3607644e-01   7.2183348e-01   7.8751568e-01   8.0775941e-01   6.7351636e-01   7.3180006e-01   7.7528752e-01   8.0976576e-01   8.4034891e-01   7.4919462e-01   7.0805670e-01   7.9151839e-01   7.2993353e-01   7.1949831e-01   6.9785820e-01   7.2687525e-01   7.6995679e-01
   8.8228875e-01   7.1693785e-01   1.0000000e+00   8.5758492e-01   8.9385604e-01   8.0104940e-01   8.1553498e-01   8.7417436e-01   7.8447295e-01   8.4565803e-01   8.3448916e-01   7.3042008e-01   8.0308032e-01   8.2169969e-01   8.6467291e-01   8.1461927e-01   7.3035892e-01   8.1204225e-01   8.4711459e-01   9.2520177e-01   9.3275127e-01   7.7355132e-01
   8.5963113e-01   7.3123299e-01   8.5758492e-01   1.0000000e+00   9.1159261e-01   7.9476876e-01   8.0347523e-01   8.8336555e-01   8.2017137e-01   7.8521718e-01   8.1245395e-01   7.3840654e-01   7.7436174e-01   8.4240479e-01   8.2150935e-01   7.9826238e-01   7.7875331e-01   7.8976798e-01   7.1777757e-01   8.8012744e-01   8.7446976e-01   7.7453939e-01
   8.8062516e-01   8.0153206e-01   8.9385604e-01   9.1159261e-01   1.0000000e+00   8.5050444e-01   8.2166879e-01   9.3867420e-01   8.8826126e-01   8.4346970e-01   8.4836398e-01   7.8742259e-01   8.3024165e-01   8.7494878e-01   8.6879997e-01   8.3634162e-01   8.1127031e-01   8.1218433e-01   8.0421789e-01   8.7045633e-01   8.8303871e-01   8.1274585e-01
   8.0103402e-01   7.3607644e-01   8.0104940e-01   7.9476876e-01   8.5050444e-01   1.0000000e+00   7.9100763e-01   8.3502978e-01   8.0106111e-01   7.3413765e-01   8.1402405e-01   7.9615710e-01   7.9289369e-01   8.5273576e-01   8.0502776e-01   7.9279895e-01   7.7467196e-01   7.4237572e-01   7.9708632e-01   7.9532640e-01   8.0252626e-01   7.8183353e-01
   7.9853963e-01   7.2183348e-01   8.1553498e-01   8.0347523e-01   8.2166879e-01   7.9100763e-01   1.0000000e+00   8.1216278e-01   7.8840928e-01   8.3122871e-01   7.4342709e-01   8.0995185e-01   7.6240773e-01   8.2813636e-01   8.3789944e-01   7.7659338e-01   7.8229222e-01   8.0735994e-01   7.3475990e-01   8.2743953e-01   8.3306550e-01   8.1524890e-01
   8.5175738e-01   7.8751568e-01   8.7417436e-01   8.8336555e-01   9.3867420e-01   8.3502978e-01   8.1216278e-01   1.0000000e+00   8.6188137e-01   8.5674614e-01   8.4325181e-01   7.8869822e-01   7.8582053e-01   8.7502801e-01   8.5998949e-01   8.2452170e-01   7.8921963e-01   7.8545858e-01   7.7445668e-01   8.7243591e-01   8.7831856e-01   8.3850833e-01
   7.9204875e-01   8.0775941e-01   7.8447295e-01   8.2017137e-01   8.8826126e-01   8.0106111e-01   7.8840928e-01   8.6188137e-01   1.0000000e+00   7.5028181e-01   8.2911250e-01   8.1492731e-01   8.1458143e-01   8.8464624e-01   8.7186992e-01   8.3386365e-01   8.6315325e-01   7.4408262e-01   7.2764726e-01   8.1884340e-01   8.2467746e-01   8.0772905e-01
   7.8993010e-01   6.7351636e-01   8.4565803e-01   7.8521718e-01   8.4346970e-01   7.3413765e-01   8.3122871e-01   8.5674614e-01   7.5028181e-01   1.0000000e+00   7.7136819e-01   6.8671024e-01   7.1707209e-01   7.7565493e-01   8.2213201e-01   7.3073715e-01   6.6894842e-01   7.4328412e-01   7.7575268e-01   8.4616499e-01   8.6576046e-01   7.3599301e-01
   7.9501421e-01   7.3180006e-01   8.3448916e-01   8.1245395e-01   8.4836398e-01   8.1402405e-01   7.4342709e-01   8.4325181e-01   8.2911250e-01   7.7136819e-01   1.0000000e+00   7.5101258e-01   7.8714612e-01   8.4576690e-01   7.9597505e-01   7.4531801e-01   7.8795478e-01   7.2585083e-01   8.1786433e-01   8.0444075e-01   8.2278060e-01   7.6732582e-01
   7.5532203e-01   7.7528752e-01   7.3042008e-01   7.3840654e-01   7.8742259e-01   7.9615710e-01   8.0995185e-01   7.8869822e-01   8.1492731e-01   6.8671024e-01   7.5101258e-01   1.0000000e+00   8.1541918e-01   8.3942708e-01   7.7272341e-01   7.7380958e-01   8.2701701e-01   7.6627183e-01   7.3993865e-01   7.5665983e-01   7.6528951e-01   9.2820693e-01
   8.1306016e-01   8.0976576e-01   8.0308032e-01   7.7436174e-01   8.3024165e-01   7.9289369e-01   7.6240773e-01   7.8582053e-01   8.1458143e-01   7.1707209e-01   7.8714612e-01   8.1541918e-01   1.0000000e+00   8.2246365e-01   7.6815748e-01   7.4567575e-01   8.1360846e-01   8.0103735e-01   7.9609333e-01   8.0752803e-01   7.8498608e-01   8.2413863e-01
   8.3099382e-01   8.4034891e-01   8.2169969e-01   8.4240479e-01   8.7494878e-01   8.5273576e-01   8.2813636e-01   8.7502801e-01   8.8464624e-01   7.7565493e-01   8.4576690e-01   8.3942708e-01   8.2246365e-01   1.0000000e+00   8.3361363e-01   8.1781635e-01   8.3881746e-01   7.7080148e-01   8.0005661e-01   8.2831093e-01   8.2666724e-01   8.3874548e-01
   8.3648448e-01   7.4919462e-01   8.6467291e-01   8.2150935e-01   8.6879997e-01   8.0502776e-01   8.3789944e-01   8.5998949e-01   8.7186992e-01   8.2213201e-01   7.9597505e-01   7.7272341e-01   7.6815748e-01   8.3361363e-01   1.0000000e+00   8.5073686e-01   7.6578614e-01   8.2387536e-01   7.7102808e-01   8.8364449e-01   8.9604232e-01   7.8201024e-01
   7.8659437e-01   7.0805670e-01   8.1461927e-01   7.9826238e-01   8.3634162e-01   7.9279895e-01   7.7659338e-01   8.2452170e-01   8.3386365e-01   7.3073715e-01   7.4531801e-01   7.7380958e-01   7.4567575e-01   8.1781635e-01   8.5073686e-01   1.0000000e+00   7.2956770e-01   7.5679988e-01   6.9031945e-01   8.2010796e-01   8.2346038e-01   7.7371697e-01
   7.5111308e-01   7.9151839e-01   7.3035892e-01   7.7875331e-01   8.1127031e-01   7.7467196e-01   7.8229222e-01   7.8921963e-01   8.6315325e-01   6.6894842e-01   7.8795478e-01   8.2701701e-01   8.1360846e-01   8.3881746e-01   7.6578614e-01   7.2956770e-01   1.0000000e+00   6.9820252e-01   6.8490380e-01   7.5513440e-01   7.4809214e-01   7.8710162e-01
   7.9531050e-01   7.2993353e-01   8.1204225e-01   7.8976798e-01   8.1218433e-01   7.4237572e-01   8.0735994e-01   7.8545858e-01   7.4408262e-01   7.4328412e-01   7.2585083e-01   7.6627183e-01   8.0103735e-01   7.7080148e-01   8.2387536e-01   7.5679988e-01   6.9820252e-01   1.0000000e+00   7.5255359e-01   8.0423744e-01   8.0246130e-01   7.5839770e-01
   7.8257400e-01   7.1949831e-01   8.4711459e-01   7.1777757e-01   8.0421789e-01   7.9708632e-01   7.3475990e-01   7.7445668e-01   7.2764726e-01   7.7575268e-01   8.1786433e-01   7.3993865e-01   7.9609333e-01   8.0005661e-01   7.7102808e-01   6.9031945e-01   6.8490380e-01   7.5255359e-01   1.0000000e+00   7.8595986e-01   8.2993373e-01   7.5979487e-01
   8.7340309e-01   6.9785820e-01   9.2520177e-01   8.8012744e-01   8.7045633e-01   7.9532640e-01   8.2743953e-01   8.7243591e-01   8.1884340e-01   8.4616499e-01   8.0444075e-01   7.5665983e-01   8.0752803e-01   8.2831093e-01   8.8364449e-01   8.2010796e-01   7.5513440e-01   8.0423744e-01   7.8595986e-01   1.0000000e+00   9.4936029e-01   7.9079056e-01
   8.8111857e-01   7.2687525e-01   9.3275127e-01   8.7446976e-01   8.8303871e-01   8.0252626e-01   8.3306550e-01   8.7831856e-01   8.2467746e-01   8.6576046e-01   8.2278060e-01   7.6528951e-01   7.8498608e-01   8.2666724e-01   8.9604232e-01   8.2346038e-01   7.4809214e-01   8.0246130e-01   8.2993373e-01   9.4936029e-01   1.0000000e+00   7.9486124e-01
   7.7513524e-01   7.6995679e-01   7.7355132e-01   7.7453939e-01   8.1274585e-01   7.8183353e-01   8.1524890e-01   8.3850833e-01   8.0772905e-01   7.3599301e-01   7.6732582e-01   9.2820693e-01   8.2413863e-01   8.3874548e-01   7.8201024e-01   7.7371697e-01   7.8710162e-01   7.5839770e-01   7.5979487e-01   7.9079056e-01   7.9486124e-01   1.0000000e+00
