   1.0000000e+00   5.9618610e-01   7.4154168e-01   5.7843749e-01   7.1753363e-01   6.2541984e-01   6.4908749e-01   6.8348834e-01   6.7541055e-01   6.4395798e-01   6.2385464e-01   6.4501332e-01   6.7190783e-01   6.5446769e-01   7.9211971e-01   7.2380824e-01   5.9084981e-01   6.4393603e-01   5.9011658e-01   7.3348903e-01   8.0203299e-01   6.8435907e-01
   5.9618610e-01   1.0000000e+00   7.8775282e-01   6.2882883e-01   7.6389659e-01   6.9385298e-01   5.7805185e-01   6.9314161e-01   7.2723523e-01   6.7961101e-01   7.8971479e-01   7.7103532e-01   6.5571713e-01   6.4122838e-01   7.3536800e-01   6.6803960e-01   5.5058323e-01   5.4164646e-01   7.8536096e-01   6.5721065e-01   6.8824196e-01   8.0680154e-01
   7.4154168e-01   7.8775282e-01   1.0000000e+00   8.4852120e-01   9.0087321e-01   7.6309961e-01   7.2103565e-01   8.8315043e-01   8.4231081e-01   7.8100683e-01   8.0029904e-01   7.5456912e-01   7.1346890e-01   7.4840462e-01   8.4884457e-01   7.5186540e-01   5.6954938e-01   7.5037963e-01   7.0237446e-01   8.8316398e-01   8.7815986e-01   8.2000635e-01
   5.7843749e-01   6.2882883e-01   8.4852120e-01   1.0000000e+00   8.9180107e-01   6.8387183e-01   6.1182739e-01   7.6694826e-01   6.7213334e-01   7.0527518e-01   7.4713017e-01   6.0715097e-01   5.8191362e-01   6.6161273e-01   6.9740501e-01   5.5759117e-01   2.9283935e-01   6.1283408e-01   5.2420974e-01   8.3060282e-01   7.3269170e-01   6.8143153e-01
   7.1753363e-01   7.6389659e-01   9.0087321e-01   8.9180107e-01   1.0000000e+00   8.2695851e-01   7.0584483e-01   8.5023963e-01   7.7975997e-01   7.9526956e-01   8.5465989e-01   7.2589720e-01   7.4303900e-01   8.0441438e-01   8.3640435e-01   7.2777340e-01   5.0044390e-01   7.2958916e-01   7.1415568e-01   8.8015787e-01   8.5799141e-01   7.7851693e-01
   6.2541984e-01   6.9385298e-01   7.6309961e-01   6.8387183e-01   8.2695851e-01   1.0000000e+00   6.8556702e-01   6.6308296e-01   7.6694746e-01   6.9395538e-01   8.2796621e-01   7.0320465e-01   7.8017827e-01   8.9970085e-01   8.0509266e-01   7.9779248e-01   6.1397770e-01   6.5665807e-01   7.7252127e-01   7.7984733e-01   8.2397255e-01   7.7236669e-01
   6.4908749e-01   5.7805185e-01   7.2103565e-01   6.1182739e-01   7.0584483e-01   6.8556702e-01   1.0000000e+00   7.3154848e-01   8.3292193e-01   7.2787120e-01   5.9274854e-01   6.9560362e-01   7.3414520e-01   6.9478376e-01   7.2604523e-01   8.1893712e-01   5.8784611e-01   8.1851303e-01   5.4607177e-01   7.9022926e-01   7.9075638e-01   7.7463625e-01
   6.8348834e-01   6.9314161e-01   8.8315043e-01   7.6694826e-01   8.5023963e-01   6.6308296e-01   7.3154848e-01   1.0000000e+00   7.9693497e-01   7.8259120e-01   7.1853642e-01   7.1221462e-01   6.9846374e-01   6.8066231e-01   8.0373380e-01   7.1059006e-01   5.3262224e-01   7.8877334e-01   6.3174837e-01   8.3838856e-01   8.1612496e-01   8.0110587e-01
   6.7541055e-01   7.2723523e-01   8.4231081e-01   6.7213334e-01   7.7975997e-01   7.6694746e-01   8.3292193e-01   7.9693497e-01   1.0000000e+00   7.5883397e-01   6.5487897e-01   7.6400931e-01   7.9331903e-01   7.5177583e-01   7.6745248e-01   8.2774666e-01   6.9274812e-01   8.4452625e-01   6.1971627e-01   8.3766743e-01   8.3986601e-01   8.3009911e-01
   6.4395798e-01   6.7961101e-01   7.8100683e-01   7.0527518e-01   7.9526956e-01   6.9395538e-01   7.2787120e-01   7.8259120e-01   7.5883397e-01   1.0000000e+00   6.8227819e-01   6.6533608e-01   6.9762538e-01   6.9997616e-01   7.5163284e-01   7.1280024e-01   5.0334844e-01   7.2688929e-01   6.3461219e-01   7.7155017e-01   7.7272089e-01   7.5383052e-01
   6.2385464e-01   7.8971479e-01   8.0029904e-01   7.4713017e-01   8.5465989e-01   8.2796621e-01   5.9274854e-01   7.1853642e-01   6.5487897e-01   6.8227819e-01   1.0000000e+00   7.4711269e-01   7.1343630e-01   8.0242483e-01   8.1671585e-01   6.8585155e-01   4.9116689e-01   5.6276860e-01   8.3680456e-01   7.5069629e-01   7.6590847e-01   7.8373435e-01
   6.4501332e-01   7.7103532e-01   7.5456912e-01   6.0715097e-01   7.2589720e-01   7.0320465e-01   6.9560362e-01   7.1221462e-01   7.6400931e-01   6.6533608e-01   7.4711269e-01   1.0000000e+00   7.8431545e-01   6.7336814e-01   7.8734481e-01   7.8644809e-01   5.9294718e-01   7.0242022e-01   6.8724823e-01   7.2173552e-01   7.6724405e-01   9.1621668e-01
   6.7190783e-01   6.5571713e-01   7.1346890e-01   5.8191362e-01   7.4303900e-01   7.8017827e-01   7.3414520e-01   6.9846374e-01   7.9331903e-01   6.9762538e-01   7.1343630e-01   7.8431545e-01   1.0000000e+00   8.1087247e-01   7.8435210e-01   8.4663640e-01   6.2026790e-01   7.9075623e-01   6.4729924e-01   7.4216686e-01   7.9185863e-01   7.9230830e-01
   6.5446769e-01   6.4122838e-01   7.4840462e-01   6.6161273e-01   8.0441438e-01   8.9970085e-01   6.9478376e-01   6.8066231e-01   7.5177583e-01   6.9997616e-01   8.0242483e-01   6.7336814e-01   8.1087247e-01   1.0000000e+00   8.1314682e-01   8.4423149e-01   6.3919138e-01   6.5836591e-01   7.3711160e-01   7.8826635e-01   8.5010076e-01   7.6946358e-01
   7.9211971e-01   7.3536800e-01   8.4884457e-01   6.9740501e-01   8.3640435e-01   8.0509266e-01   7.2604523e-01   8.0373380e-01   7.6745248e-01   7.5163284e-01   8.1671585e-01   7.8734481e-01   7.8435210e-01   8.1314682e-01   1.0000000e+00   8.0571236e-01   5.8896716e-01   6.9570722e-01   7.3951735e-01   8.0065143e-01   8.7072952e-01   8.4176662e-01
   7.2380824e-01   6.6803960e-01   7.5186540e-01   5.5759117e-01   7.2777340e-01   7.9779248e-01   8.1893712e-01   7.1059006e-01   8.2774666e-01   7.1280024e-01   6.8585155e-01   7.8644809e-01   8.4663640e-01   8.4423149e-01   8.0571236e-01   1.0000000e+00   6.9982662e-01   7.8046453e-01   6.8684887e-01   7.6820402e-01   8.6369959e-01   8.3350787e-01
   5.9084981e-01   5.5058323e-01   5.6954938e-01   2.9283935e-01   5.0044390e-01   6.1397770e-01   5.8784611e-01   5.3262224e-01   6.9274812e-01   5.0334844e-01   4.9116689e-01   5.9294718e-01   6.2026790e-01   6.3919138e-01   5.8896716e-01   6.9982662e-01   1.0000000e+00   5.5838661e-01   6.0699238e-01   5.2499937e-01   6.8288674e-01   6.7250543e-01
   6.4393603e-01   5.4164646e-01   7.5037963e-01   6.1283408e-01   7.2958916e-01   6.5665807e-01   8.1851303e-01   7.8877334e-01   8.4452625e-01   7.2688929e-01   5.6276860e-01   7.0242022e-01   7.9075623e-01   6.5836591e-01   6.9570722e-01   7.8046453e-01   5.5838661e-01   1.0000000e+00   4.8732990e-01   8.2788474e-01   7.8661375e-01   7.3286102e-01
   5.9011658e-01   7.8536096e-01   7.0237446e-01   5.2420974e-01   7.1415568e-01   7.7252127e-01   5.4607177e-01   6.3174837e-01   6.1971627e-01   6.3461219e-01   8.3680456e-01   6.8724823e-01   6.4729924e-01   7.3711160e-01   7.3951735e-01   6.8684887e-01   6.0699238e-01   4.8732990e-01   1.0000000e+00   5.9929386e-01   6.7081774e-01   7.4264374e-01
   7.3348903e-01   6.5721065e-01   8.8316398e-01   8.3060282e-01   8.8015787e-01   7.7984733e-01   7.9022926e-01   8.3838856e-01   8.3766743e-01   7.7155017e-01   7.5069629e-01   7.2173552e-01   7.4216686e-01   7.8826635e-01   8.0065143e-01   7.6820402e-01   5.2499937e-01   8.2788474e-01   5.9929386e-01   1.0000000e+00   9.0036670e-01   7.9066525e-01
   8.0203299e-01   6.8824196e-01   8.7815986e-01   7.3269170e-01   8.5799141e-01   8.2397255e-01   7.9075638e-01   8.1612496e-01   8.3986601e-01   7.7272089e-01   7.6590847e-01   7.6724405e-01   7.9185863e-01   8.5010076e-01   8.7072952e-01   8.6369959e-01   6.8288674e-01   7.8661375e-01   6.7081774e-01   9.0036670e-01   1.0000000e+00   8.5280478e-01
   6.8435907e-01   8.0680154e-01   8.2000635e-01   6.8143153e-01   7.7851693e-01   7.7236669e-01   7.7463625e-01   8.0110587e-01   8.3009911e-01   7.5383052e-01   7.8373435e-01   9.1621668e-01   7.9230830e-01   7.6946358e-01   8.4176662e-01   8.3350787e-01   6.7250543e-01   7.3286102e-01   7.4264374e-01   7.9066525e-01   8.5280478e-01   1.0000000e+00
