   1.0000000e+00   7.6396689e-01   8.3884077e-01   8.3497273e-01   8.7643663e-01   8.1354096e-01   8.1839637e-01   8.7295589e-01   8.5361560e-01   7.8947810e-01   8.3494423e-01   8.4949605e-01   8.5922635e-01   8.0839151e-01   8.3582070e-01   8.2448019e-01   8.1081847e-01   8.3061417e-01   8.3243742e-01   8.8864135e-01   8.8561562e-01   8.4161322e-01
   7.6396689e-01   1.0000000e+00   8.0656904e-01   7.5590500e-01   8.4211341e-01   7.7782875e-01   8.2591586e-01   8.3542780e-01   8.5394999e-01   7.5956228e-01   7.4147919e-01   8.0647664e-01   7.6584558e-01   7.6743586e-01   7.5528736e-01   7.9311420e-01   7.6311455e-01   7.0566949e-01   8.1385241e-01   7.9740934e-01   7.9636910e-01   8.0368898e-01
   8.3884077e-01   8.0656904e-01   1.0000000e+00   9.0980656e-01   9.1990643e-01   8.5203012e-01   8.0873186e-01   8.9000641e-01   8.3842536e-01   8.1974180e-01   8.4475251e-01   8.3670721e-01   8.1517477e-01   8.3067557e-01   9.0277316e-01   8.8312476e-01   8.1556033e-01   8.2047833e-01   8.2794734e-01   8.9904635e-01   9.1279869e-01   8.6135119e-01
   8.3497273e-01   7.5590500e-01   9.0980656e-01   1.0000000e+00   9.3414549e-01   8.5877157e-01   7.9251549e-01   9.0709614e-01   8.4023092e-01   8.6581758e-01   8.7814950e-01   8.5531457e-01   8.2310642e-01   8.2582699e-01   8.8030228e-01   8.2816037e-01   7.2393905e-01   8.5910964e-01   8.0464618e-01   9.1959104e-01   8.8249243e-01   8.5681206e-01
   8.7643663e-01   8.4211341e-01   9.1990643e-01   9.3414549e-01   1.0000000e+00   8.5994016e-01   8.7301560e-01   9.6258684e-01   9.0006745e-01   8.7738524e-01   9.0955416e-01   9.0518567e-01   8.5106476e-01   9.0239236e-01   9.2086069e-01   9.1006078e-01   8.0126403e-01   8.7678106e-01   8.8164893e-01   9.3420304e-01   9.2995315e-01   9.0586344e-01
   8.1354096e-01   7.7782875e-01   8.5203012e-01   8.5877157e-01   8.5994016e-01   1.0000000e+00   7.9759570e-01   8.3161406e-01   8.4344834e-01   8.3161934e-01   8.5258071e-01   8.4782951e-01   8.3289299e-01   8.3015438e-01   8.2628977e-01   8.2167585e-01   7.6883996e-01   8.2774374e-01   8.5037644e-01   8.7649389e-01   8.7080172e-01   8.4318299e-01
   8.1839637e-01   8.2591586e-01   8.0873186e-01   7.9251549e-01   8.7301560e-01   7.9759570e-01   1.0000000e+00   8.8872305e-01   8.9830732e-01   8.3019595e-01   7.8546952e-01   8.5940402e-01   8.7135758e-01   8.3202280e-01   8.0102067e-01   8.3739023e-01   7.5798235e-01   8.5723826e-01   8.2398041e-01   8.4223788e-01   8.1707188e-01   8.5714784e-01
   8.7295589e-01   8.3542780e-01   8.9000641e-01   9.0709614e-01   9.6258684e-01   8.3161406e-01   8.8872305e-01   1.0000000e+00   9.1008949e-01   8.8150931e-01   8.8795383e-01   8.8756222e-01   8.4736465e-01   9.0287202e-01   8.9963497e-01   8.7168314e-01   7.9494287e-01   8.6431001e-01   8.6414025e-01   9.0508628e-01   8.9648420e-01   8.8369244e-01
   8.5361560e-01   8.5394999e-01   8.3842536e-01   8.4023092e-01   9.0006745e-01   8.4344834e-01   8.9830732e-01   9.1008949e-01   1.0000000e+00   8.1539311e-01   8.1147870e-01   9.0655708e-01   8.7457903e-01   8.5862852e-01   8.4358669e-01   8.7599297e-01   8.6142429e-01   8.4916450e-01   8.4728876e-01   8.5697062e-01   8.6806954e-01   8.9818988e-01
   7.8947810e-01   7.5956228e-01   8.1974180e-01   8.6581758e-01   8.7738524e-01   8.3161934e-01   8.3019595e-01   8.8150931e-01   8.1539311e-01   1.0000000e+00   8.4865358e-01   8.1949709e-01   7.7566665e-01   8.4070643e-01   8.4266656e-01   8.1030230e-01   6.7918943e-01   8.1851474e-01   8.3986919e-01   8.5944195e-01   8.4545718e-01   8.6249093e-01
   8.3494423e-01   7.4147919e-01   8.4475251e-01   8.7814950e-01   9.0955416e-01   8.5258071e-01   7.8546952e-01   8.8795383e-01   8.1147870e-01   8.4865358e-01   1.0000000e+00   8.5907980e-01   8.2261669e-01   8.2842756e-01   8.6322688e-01   8.1134590e-01   6.8200922e-01   8.0651224e-01   8.7283508e-01   8.7791318e-01   8.6794687e-01   8.5446160e-01
   8.4949605e-01   8.0647664e-01   8.3670721e-01   8.5531457e-01   9.0518567e-01   8.4782951e-01   8.5940402e-01   8.8756222e-01   9.0655708e-01   8.1949709e-01   8.5907980e-01   1.0000000e+00   8.5344299e-01   8.3418521e-01   8.5429190e-01   8.5862617e-01   7.8349994e-01   8.4647603e-01   8.3474088e-01   8.7171057e-01   8.5530491e-01   9.6180933e-01
   8.5922635e-01   7.6584558e-01   8.1517477e-01   8.2310642e-01   8.5106476e-01   8.3289299e-01   8.7135758e-01   8.4736465e-01   8.7457903e-01   7.7566665e-01   8.2261669e-01   8.5344299e-01   1.0000000e+00   7.7327473e-01   8.0821213e-01   8.3331710e-01   8.2092863e-01   8.4922988e-01   8.3199117e-01   8.7803389e-01   8.6694343e-01   8.6265150e-01
   8.0839151e-01   7.6743586e-01   8.3067557e-01   8.2582699e-01   9.0239236e-01   8.3015438e-01   8.3202280e-01   9.0287202e-01   8.5862852e-01   8.4070643e-01   8.2842756e-01   8.3418521e-01   7.7327473e-01   1.0000000e+00   8.3950530e-01   8.4427897e-01   7.9573080e-01   8.5400802e-01   8.4495781e-01   8.3549674e-01   8.5828429e-01   8.6445835e-01
   8.3582070e-01   7.5528736e-01   9.0277316e-01   8.8030228e-01   9.2086069e-01   8.2628977e-01   8.0102067e-01   8.9963497e-01   8.4358669e-01   8.4266656e-01   8.6322688e-01   8.5429190e-01   8.0821213e-01   8.3950530e-01   1.0000000e+00   8.9574458e-01   7.9634707e-01   8.3261987e-01   8.4796851e-01   8.9273675e-01   9.3084874e-01   8.7759592e-01
   8.2448019e-01   7.9311420e-01   8.8312476e-01   8.2816037e-01   9.1006078e-01   8.2167585e-01   8.3739023e-01   8.7168314e-01   8.7599297e-01   8.1030230e-01   8.1134590e-01   8.5862617e-01   8.3331710e-01   8.4427897e-01   8.9574458e-01   1.0000000e+00   8.4133634e-01   8.4994149e-01   8.4968200e-01   8.7445196e-01   9.1639432e-01   8.9433874e-01
   8.1081847e-01   7.6311455e-01   8.1556033e-01   7.2393905e-01   8.0126403e-01   7.6883996e-01   7.5798235e-01   7.9494287e-01   8.6142429e-01   6.7918943e-01   6.8200922e-01   7.8349994e-01   8.2092863e-01   7.9573080e-01   7.9634707e-01   8.4133634e-01   1.0000000e+00   7.3532517e-01   7.8507875e-01   7.6431794e-01   8.2644837e-01   8.1319514e-01
   8.3061417e-01   7.0566949e-01   8.2047833e-01   8.5910964e-01   8.7678106e-01   8.2774374e-01   8.5723826e-01   8.6431001e-01   8.4916450e-01   8.1851474e-01   8.0651224e-01   8.4647603e-01   8.4922988e-01   8.5400802e-01   8.3261987e-01   8.4994149e-01   7.3532517e-01   1.0000000e+00   7.9858512e-01   8.8388314e-01   8.4788531e-01   8.5660061e-01
   8.3243742e-01   8.1385241e-01   8.2794734e-01   8.0464618e-01   8.8164893e-01   8.5037644e-01   8.2398041e-01   8.6414025e-01   8.4728876e-01   8.3986919e-01   8.7283508e-01   8.3474088e-01   8.3199117e-01   8.4495781e-01   8.4796851e-01   8.4968200e-01   7.8507875e-01   7.9858512e-01   1.0000000e+00   8.4948945e-01   8.7894567e-01   8.7585834e-01
   8.8864135e-01   7.9740934e-01   8.9904635e-01   9.1959104e-01   9.3420304e-01   8.7649389e-01   8.4223788e-01   9.0508628e-01   8.5697062e-01   8.5944195e-01   8.7791318e-01   8.7171057e-01   8.7803389e-01   8.3549674e-01   8.9273675e-01   8.7445196e-01   7.6431794e-01   8.8388314e-01   8.4948945e-01   1.0000000e+00   9.4727165e-01   8.8914543e-01
   8.8561562e-01   7.9636910e-01   9.1279869e-01   8.8249243e-01   9.2995315e-01   8.7080172e-01   8.1707188e-01   8.9648420e-01   8.6806954e-01   8.4545718e-01   8.6794687e-01   8.5530491e-01   8.6694343e-01   8.5828429e-01   9.3084874e-01   9.1639432e-01   8.2644837e-01   8.4788531e-01   8.7894567e-01   9.4727165e-01   1.0000000e+00   8.9755234e-01
   8.4161322e-01   8.0368898e-01   8.6135119e-01   8.5681206e-01   9.0586344e-01   8.4318299e-01   8.5714784e-01   8.8369244e-01   8.9818988e-01   8.6249093e-01   8.5446160e-01   9.6180933e-01   8.6265150e-01   8.6445835e-01   8.7759592e-01   8.9433874e-01   8.1319514e-01   8.5660061e-01   8.7585834e-01   8.8914543e-01   8.9755234e-01   1.0000000e+00
