   1.0000000e+00   7.3850178e-01   7.7311499e-01   7.2738708e-01   7.5663381e-01   7.5917192e-01   7.5536336e-01   7.7570281e-01   7.5038530e-01   7.7126072e-01   7.2792304e-01   6.7875457e-01   7.4376504e-01   7.6532061e-01   7.4026593e-01   7.4533541e-01   7.4921228e-01   7.4390190e-01   7.2703089e-01   7.4286737e-01   7.7855921e-01   7.1810970e-01
   7.3850178e-01   1.0000000e+00   8.7546869e-01   8.4218383e-01   8.4891942e-01   8.2937634e-01   8.7053553e-01   8.4619085e-01   8.9439190e-01   8.1364807e-01   8.1912691e-01   8.0636624e-01   8.4308800e-01   8.1310669e-01   8.4937426e-01   8.4373721e-01   8.0993187e-01   8.3826602e-01   8.4097782e-01   8.4399697e-01   8.5079678e-01   8.3230049e-01
   7.7311499e-01   8.7546869e-01   1.0000000e+00   9.3473722e-01   9.4414599e-01   8.7087354e-01   8.7852293e-01   9.3022639e-01   9.0587854e-01   8.5627039e-01   8.6466339e-01   8.1770445e-01   8.8149398e-01   8.1748478e-01   9.1708690e-01   8.8623042e-01   8.1938730e-01   8.6128810e-01   8.4457693e-01   9.4265731e-01   9.4642744e-01   8.5673058e-01
   7.2738708e-01   8.4218383e-01   9.3473722e-01   1.0000000e+00   9.5832131e-01   8.6293202e-01   8.4845624e-01   9.4129991e-01   8.9098524e-01   8.2504397e-01   8.6847785e-01   8.0413975e-01   8.7801436e-01   8.1179040e-01   9.2690342e-01   8.5626384e-01   8.1043740e-01   8.4918366e-01   8.3606833e-01   9.5279276e-01   9.3294982e-01   8.5705765e-01
   7.5663381e-01   8.4891942e-01   9.4414599e-01   9.5832131e-01   1.0000000e+00   8.5688611e-01   8.6762620e-01   9.4952904e-01   9.0387861e-01   8.4842564e-01   8.6977839e-01   8.2178233e-01   8.8333401e-01   8.1204389e-01   9.3731203e-01   8.7851850e-01   8.4437618e-01   8.5929929e-01   8.3595857e-01   9.3856621e-01   9.4722925e-01   8.7787339e-01
   7.5917192e-01   8.2937634e-01   8.7087354e-01   8.6293202e-01   8.5688611e-01   1.0000000e+00   8.2047348e-01   8.5019233e-01   8.5977780e-01   8.5581229e-01   8.6574326e-01   8.6779698e-01   8.5711980e-01   8.8202327e-01   8.5463570e-01   8.5132057e-01   8.4086679e-01   8.1611576e-01   8.4526466e-01   8.6160355e-01   8.5501558e-01   8.8901880e-01
   7.5536336e-01   8.7053553e-01   8.7852293e-01   8.4845624e-01   8.6762620e-01   8.2047348e-01   1.0000000e+00   8.8197426e-01   8.6975054e-01   8.4844297e-01   8.4314978e-01   8.3062676e-01   8.6544740e-01   8.2552851e-01   8.8930809e-01   8.8134563e-01   8.2216715e-01   8.6668265e-01   8.4789635e-01   8.4227496e-01   8.7168032e-01   8.4829741e-01
   7.7570281e-01   8.4619085e-01   9.3022639e-01   9.4129991e-01   9.4952904e-01   8.5019233e-01   8.8197426e-01   1.0000000e+00   8.8487147e-01   8.3829439e-01   8.7000126e-01   7.8751270e-01   8.7974741e-01   8.1422398e-01   9.2363145e-01   8.6195945e-01   8.1409029e-01   8.5843063e-01   8.2530594e-01   9.1413044e-01   9.1741621e-01   8.5738072e-01
   7.5038530e-01   8.9439190e-01   9.0587854e-01   8.9098524e-01   9.0387861e-01   8.5977780e-01   8.6975054e-01   8.8487147e-01   1.0000000e+00   8.7264663e-01   8.6089157e-01   8.5239375e-01   8.5529021e-01   8.3573331e-01   8.7621049e-01   8.7094994e-01   8.5983487e-01   8.9070950e-01   8.7157195e-01   9.0030087e-01   9.1320367e-01   8.7886525e-01
   7.7126072e-01   8.1364807e-01   8.5627039e-01   8.2504397e-01   8.4842564e-01   8.5581229e-01   8.4844297e-01   8.3829439e-01   8.7264663e-01   1.0000000e+00   8.5006711e-01   8.0748940e-01   8.2451645e-01   8.4015623e-01   8.3824487e-01   8.5139469e-01   8.2206697e-01   8.5189691e-01   8.7306042e-01   8.4414209e-01   8.4938787e-01   8.4458098e-01
   7.2792304e-01   8.1912691e-01   8.6466339e-01   8.6847785e-01   8.6977839e-01   8.6574326e-01   8.4314978e-01   8.7000126e-01   8.6089157e-01   8.5006711e-01   1.0000000e+00   8.4870554e-01   8.3779560e-01   8.5779933e-01   8.6523302e-01   8.4064233e-01   7.9533806e-01   8.0882758e-01   8.6801212e-01   8.5800321e-01   8.6188270e-01   8.7093826e-01
   6.7875457e-01   8.0636624e-01   8.1770445e-01   8.0413975e-01   8.2178233e-01   8.6779698e-01   8.3062676e-01   7.8751270e-01   8.5239375e-01   8.0748940e-01   8.4870554e-01   1.0000000e+00   8.5005056e-01   8.2185986e-01   8.3648632e-01   8.3465333e-01   8.1531354e-01   7.7659836e-01   8.3645081e-01   8.1857416e-01   8.2733534e-01   9.5390722e-01
   7.4376504e-01   8.4308800e-01   8.8149398e-01   8.7801436e-01   8.8333401e-01   8.5711980e-01   8.6544740e-01   8.7974741e-01   8.5529021e-01   8.2451645e-01   8.3779560e-01   8.5005056e-01   1.0000000e+00   8.2230191e-01   8.8798277e-01   8.4734234e-01   8.1947321e-01   8.4871653e-01   8.3569724e-01   8.7567185e-01   8.6502465e-01   8.6042441e-01
   7.6532061e-01   8.1310669e-01   8.1748478e-01   8.1179040e-01   8.1204389e-01   8.8202327e-01   8.2552851e-01   8.1422398e-01   8.3573331e-01   8.4015623e-01   8.5779933e-01   8.2185986e-01   8.2230191e-01   1.0000000e+00   8.2107635e-01   8.4104361e-01   8.2277679e-01   8.2373507e-01   8.0439549e-01   8.2435594e-01   8.1619222e-01   8.4984513e-01
   7.4026593e-01   8.4937426e-01   9.1708690e-01   9.2690342e-01   9.3731203e-01   8.5463570e-01   8.8930809e-01   9.2363145e-01   8.7621049e-01   8.3824487e-01   8.6523302e-01   8.3648632e-01   8.8798277e-01   8.2107635e-01   1.0000000e+00   8.7935938e-01   8.0538418e-01   8.6900556e-01   8.5439185e-01   9.1480103e-01   9.2144431e-01   8.6249907e-01
   7.4533541e-01   8.4373721e-01   8.8623042e-01   8.5626384e-01   8.7851850e-01   8.5132057e-01   8.8134563e-01   8.6195945e-01   8.7094994e-01   8.5139469e-01   8.4064233e-01   8.3465333e-01   8.4734234e-01   8.4104361e-01   8.7935938e-01   1.0000000e+00   8.1343528e-01   8.6478723e-01   8.4000324e-01   8.5740458e-01   8.7102478e-01   8.5285506e-01
   7.4921228e-01   8.0993187e-01   8.1938730e-01   8.1043740e-01   8.4437618e-01   8.4086679e-01   8.2216715e-01   8.1409029e-01   8.5983487e-01   8.2206697e-01   7.9533806e-01   8.1531354e-01   8.1947321e-01   8.2277679e-01   8.0538418e-01   8.1343528e-01   1.0000000e+00   7.8833245e-01   7.9090815e-01   8.2501301e-01   8.3797549e-01   8.5630648e-01
   7.4390190e-01   8.3826602e-01   8.6128810e-01   8.4918366e-01   8.5929929e-01   8.1611576e-01   8.6668265e-01   8.5843063e-01   8.9070950e-01   8.5189691e-01   8.0882758e-01   7.7659836e-01   8.4871653e-01   8.2373507e-01   8.6900556e-01   8.6478723e-01   7.8833245e-01   1.0000000e+00   8.2002788e-01   8.6153728e-01   8.8077936e-01   8.1244500e-01
   7.2703089e-01   8.4097782e-01   8.4457693e-01   8.3606833e-01   8.3595857e-01   8.4526466e-01   8.4789635e-01   8.2530594e-01   8.7157195e-01   8.7306042e-01   8.6801212e-01   8.3645081e-01   8.3569724e-01   8.0439549e-01   8.5439185e-01   8.4000324e-01   7.9090815e-01   8.2002788e-01   1.0000000e+00   8.2790079e-01   8.3321608e-01   8.4806153e-01
   7.4286737e-01   8.4399697e-01   9.4265731e-01   9.5279276e-01   9.3856621e-01   8.6160355e-01   8.4227496e-01   9.1413044e-01   9.0030087e-01   8.4414209e-01   8.5800321e-01   8.1857416e-01   8.7567185e-01   8.2435594e-01   9.1480103e-01   8.5740458e-01   8.2501301e-01   8.6153728e-01   8.2790079e-01   1.0000000e+00   9.5706111e-01   8.6338568e-01
   7.7855921e-01   8.5079678e-01   9.4642744e-01   9.3294982e-01   9.4722925e-01   8.5501558e-01   8.7168032e-01   9.1741621e-01   9.1320367e-01   8.4938787e-01   8.6188270e-01   8.2733534e-01   8.6502465e-01   8.1619222e-01   9.2144431e-01   8.7102478e-01   8.3797549e-01   8.8077936e-01   8.3321608e-01   9.5706111e-01   1.0000000e+00   8.5962448e-01
   7.1810970e-01   8.3230049e-01   8.5673058e-01   8.5705765e-01   8.7787339e-01   8.8901880e-01   8.4829741e-01   8.5738072e-01   8.7886525e-01   8.4458098e-01   8.7093826e-01   9.5390722e-01   8.6042441e-01   8.4984513e-01   8.6249907e-01   8.5285506e-01   8.5630648e-01   8.1244500e-01   8.4806153e-01   8.6338568e-01   8.5962448e-01   1.0000000e+00
