   1.0000000e+00   6.6464254e-01   7.4014904e-01   7.2259220e-01   7.4703697e-01   7.3845376e-01   8.0793035e-01   7.7802743e-01   7.3854908e-01   7.7897015e-01   7.4990730e-01   6.1996461e-01   7.3093015e-01   7.7943133e-01   7.3976025e-01   7.6869084e-01   7.6332900e-01   7.5434860e-01   7.3373076e-01   7.6121109e-01   7.7584655e-01   6.9623039e-01
   6.6464254e-01   1.0000000e+00   9.4773034e-01   9.1105701e-01   9.3841372e-01   8.9891158e-01   9.1909623e-01   9.2522261e-01   9.4965611e-01   9.0395435e-01   9.3684479e-01   9.3505103e-01   9.2517561e-01   8.8528781e-01   9.3861309e-01   9.3907121e-01   8.2286713e-01   8.8757943e-01   9.1947939e-01   8.8468517e-01   9.1104724e-01   9.4422278e-01
   7.4014904e-01   9.4773034e-01   1.0000000e+00   9.6591365e-01   9.7735581e-01   9.2261969e-01   9.4237663e-01   9.6997368e-01   9.5170754e-01   9.3044590e-01   9.5138908e-01   9.2079075e-01   9.4018350e-01   9.2270060e-01   9.7965109e-01   9.4907171e-01   8.4339958e-01   9.0628075e-01   9.2212023e-01   9.5710514e-01   9.7211968e-01   9.4713302e-01
   7.2259220e-01   9.1105701e-01   9.6591365e-01   1.0000000e+00   9.7483029e-01   8.9231800e-01   9.0033486e-01   9.5902381e-01   9.3533228e-01   8.8633216e-01   9.2285795e-01   9.0026070e-01   9.1933921e-01   9.0554965e-01   9.5011544e-01   9.1607815e-01   8.3985122e-01   8.8479719e-01   8.7146910e-01   9.6559149e-01   9.5606927e-01   9.2775394e-01
   7.4703697e-01   9.3841372e-01   9.7735581e-01   9.7483029e-01   1.0000000e+00   9.1811223e-01   9.2777176e-01   9.6887485e-01   9.5022756e-01   9.2348921e-01   9.5008631e-01   9.2028453e-01   9.3942830e-01   9.2779138e-01   9.6882745e-01   9.4695602e-01   8.7435463e-01   9.0078388e-01   9.1259913e-01   9.6634345e-01   9.7887651e-01   9.4345807e-01
   7.3845376e-01   8.9891158e-01   9.2261969e-01   8.9231800e-01   9.1811223e-01   1.0000000e+00   9.2425969e-01   9.0361960e-01   9.2732038e-01   9.2753104e-01   9.4395056e-01   9.0404182e-01   9.2745313e-01   9.5335740e-01   9.1027263e-01   9.0884962e-01   8.6790347e-01   8.8490867e-01   9.1815049e-01   9.1502526e-01   9.3948945e-01   9.2865009e-01
   8.0793035e-01   9.1909623e-01   9.4237663e-01   9.0033486e-01   9.2777176e-01   9.2425969e-01   1.0000000e+00   9.3979600e-01   9.4370261e-01   9.3892969e-01   9.3989544e-01   8.9311669e-01   9.3870638e-01   9.2275174e-01   9.3554403e-01   9.3873027e-01   8.6924848e-01   9.2313197e-01   9.3786060e-01   9.0348752e-01   9.3758054e-01   9.2812162e-01
   7.7802743e-01   9.2522261e-01   9.6997368e-01   9.5902381e-01   9.6887485e-01   9.0361960e-01   9.3979600e-01   1.0000000e+00   9.5302783e-01   9.3087244e-01   9.3706105e-01   8.9715421e-01   9.4895422e-01   9.2721336e-01   9.6426142e-01   9.4982601e-01   8.4660391e-01   9.2973386e-01   9.1795020e-01   9.4838154e-01   9.6074295e-01   9.3371188e-01
   7.3854908e-01   9.4965611e-01   9.5170754e-01   9.3533228e-01   9.5022756e-01   9.2732038e-01   9.4370261e-01   9.5302783e-01   1.0000000e+00   9.2261804e-01   9.3186570e-01   9.0584792e-01   9.5470174e-01   9.3100459e-01   9.3691134e-01   9.5266752e-01   8.9422040e-01   9.4561723e-01   9.0695896e-01   9.3689978e-01   9.5188779e-01   9.3752076e-01
   7.7897015e-01   9.0395435e-01   9.3044590e-01   8.8633216e-01   9.2348921e-01   9.2753104e-01   9.3892969e-01   9.3087244e-01   9.2261804e-01   1.0000000e+00   9.3052989e-01   8.5618551e-01   9.3272159e-01   9.3761845e-01   9.2275013e-01   9.3557643e-01   8.4739784e-01   9.1992028e-01   9.3729491e-01   8.9249007e-01   9.3154063e-01   8.9801307e-01
   7.4990730e-01   9.3684479e-01   9.5138908e-01   9.2285795e-01   9.5008631e-01   9.4395056e-01   9.3989544e-01   9.3706105e-01   9.3186570e-01   9.3052989e-01   1.0000000e+00   9.4083859e-01   9.3536458e-01   9.5189644e-01   9.3143834e-01   9.4046856e-01   8.7469787e-01   8.8249338e-01   9.4175939e-01   9.1933617e-01   9.4792561e-01   9.5923806e-01
   6.1996461e-01   9.3505103e-01   9.2079075e-01   9.0026070e-01   9.2028453e-01   9.0404182e-01   8.9311669e-01   8.9715421e-01   9.0584792e-01   8.5618551e-01   9.4083859e-01   1.0000000e+00   9.0460727e-01   8.8690649e-01   9.0517129e-01   8.9129125e-01   8.2247823e-01   8.2320078e-01   8.8461445e-01   8.8496025e-01   9.0427700e-01   9.8296399e-01
   7.3093015e-01   9.2517561e-01   9.4018350e-01   9.1933921e-01   9.3942830e-01   9.2745313e-01   9.3870638e-01   9.4895422e-01   9.5470174e-01   9.3272159e-01   9.3536458e-01   9.0460727e-01   1.0000000e+00   9.2539416e-01   9.4236345e-01   9.4712171e-01   8.4746975e-01   9.4662010e-01   9.2779857e-01   9.2164910e-01   9.3853566e-01   9.3570290e-01
   7.7943133e-01   8.8528781e-01   9.2270060e-01   9.0554965e-01   9.2779138e-01   9.5335740e-01   9.2275174e-01   9.2721336e-01   9.3100459e-01   9.3761845e-01   9.5189644e-01   8.8690649e-01   9.2539416e-01   1.0000000e+00   8.9862173e-01   9.2482079e-01   8.9752693e-01   9.0589055e-01   8.9912610e-01   9.3488149e-01   9.5274580e-01   9.2116754e-01
   7.3976025e-01   9.3861309e-01   9.7965109e-01   9.5011544e-01   9.6882745e-01   9.1027263e-01   9.3554403e-01   9.6426142e-01   9.3691134e-01   9.2275013e-01   9.3143834e-01   9.0517129e-01   9.4236345e-01   8.9862173e-01   1.0000000e+00   9.3627437e-01   8.0354515e-01   9.0180363e-01   9.1847890e-01   9.3863014e-01   9.5602849e-01   9.3007157e-01
   7.6869084e-01   9.3907121e-01   9.4907171e-01   9.1607815e-01   9.4695602e-01   9.0884962e-01   9.3873027e-01   9.4982601e-01   9.5266752e-01   9.3557643e-01   9.4046856e-01   8.9129125e-01   9.4712171e-01   9.2482079e-01   9.3627437e-01   1.0000000e+00   8.6643410e-01   9.4181379e-01   9.2529744e-01   9.1605390e-01   9.4469831e-01   9.2682966e-01
   7.6332900e-01   8.2286713e-01   8.4339958e-01   8.3985122e-01   8.7435463e-01   8.6790347e-01   8.6924848e-01   8.4660391e-01   8.9422040e-01   8.4739784e-01   8.7469787e-01   8.2247823e-01   8.4746975e-01   8.9752693e-01   8.0354515e-01   8.6643410e-01   1.0000000e+00   8.4144267e-01   8.2741956e-01   8.8529597e-01   8.9595616e-01   8.5582233e-01
   7.5434860e-01   8.8757943e-01   9.0628075e-01   8.8479719e-01   9.0078388e-01   8.8490867e-01   9.2313197e-01   9.2973386e-01   9.4561723e-01   9.1992028e-01   8.8249338e-01   8.2320078e-01   9.4662010e-01   9.0589055e-01   9.0180363e-01   9.4181379e-01   8.4144267e-01   1.0000000e+00   8.9955675e-01   8.8744946e-01   9.1392968e-01   8.6849968e-01
   7.3373076e-01   9.1947939e-01   9.2212023e-01   8.7146910e-01   9.1259913e-01   9.1815049e-01   9.3786060e-01   9.1795020e-01   9.0695896e-01   9.3729491e-01   9.4175939e-01   8.8461445e-01   9.2779857e-01   8.9912610e-01   9.1847890e-01   9.2529744e-01   8.2741956e-01   8.9955675e-01   1.0000000e+00   8.6118569e-01   9.1034883e-01   9.0946075e-01
   7.6121109e-01   8.8468517e-01   9.5710514e-01   9.6559149e-01   9.6634345e-01   9.1502526e-01   9.0348752e-01   9.4838154e-01   9.3689978e-01   8.9249007e-01   9.1933617e-01   8.8496025e-01   9.2164910e-01   9.3488149e-01   9.3863014e-01   9.1605390e-01   8.8529597e-01   8.8744946e-01   8.6118569e-01   1.0000000e+00   9.8334830e-01   9.1684470e-01
   7.7584655e-01   9.1104724e-01   9.7211968e-01   9.5606927e-01   9.7887651e-01   9.3948945e-01   9.3758054e-01   9.6074295e-01   9.5188779e-01   9.3154063e-01   9.4792561e-01   9.0427700e-01   9.3853566e-01   9.5274580e-01   9.5602849e-01   9.4469831e-01   8.9595616e-01   9.1392968e-01   9.1034883e-01   9.8334830e-01   1.0000000e+00   9.3265902e-01
   6.9623039e-01   9.4422278e-01   9.4713302e-01   9.2775394e-01   9.4345807e-01   9.2865009e-01   9.2812162e-01   9.3371188e-01   9.3752076e-01   8.9801307e-01   9.5923806e-01   9.8296399e-01   9.3570290e-01   9.2116754e-01   9.3007157e-01   9.2682966e-01   8.5582233e-01   8.6849968e-01   9.0946075e-01   9.1684470e-01   9.3265902e-01   1.0000000e+00
