1.0 0.716 0.709 0.676 0.688 0.73 0.732 0.713 0.699 0.739 0.729 0.709 0.727 0.716 0.713 0.734 0.684 0.709 0.735 0.66 0.679 0.72 
0.716 1.0 0.818 0.79 0.793 0.84 0.844 0.815 0.849 0.833 0.846 0.845 0.836 0.825 0.818 0.839 0.827 0.819 0.838 0.775 0.79 0.852 
0.709 0.818 1.0 0.847 0.864 0.813 0.845 0.864 0.849 0.838 0.828 0.821 0.839 0.805 0.87 0.846 0.808 0.844 0.82 0.86 0.883 0.837 
0.676 0.79 0.847 1.0 0.879 0.787 0.814 0.859 0.823 0.808 0.802 0.799 0.817 0.79 0.85 0.805 0.791 0.821 0.794 0.837 0.838 0.816 
0.688 0.793 0.864 0.879 1.0 0.787 0.821 0.874 0.835 0.814 0.808 0.808 0.817 0.792 0.864 0.813 0.803 0.821 0.799 0.837 0.865 0.82 
0.73 0.84 0.813 0.787 0.787 1.0 0.83 0.815 0.831 0.85 0.864 0.833 0.835 0.857 0.808 0.832 0.809 0.82 0.85 0.774 0.787 0.845 
0.732 0.844 0.845 0.814 0.821 0.83 1.0 0.839 0.847 0.838 0.844 0.833 0.847 0.814 0.845 0.851 0.809 0.846 0.847 0.794 0.815 0.847 
0.713 0.815 0.864 0.859 0.874 0.815 0.839 1.0 0.839 0.833 0.825 0.824 0.832 0.807 0.869 0.829 0.805 0.831 0.823 0.821 0.842 0.839 
0.699 0.849 0.849 0.823 0.835 0.831 0.847 0.839 1.0 0.831 0.84 0.846 0.846 0.822 0.841 0.847 0.839 0.837 0.833 0.811 0.834 0.854 
0.739 0.833 0.838 0.808 0.814 0.85 0.838 0.833 0.831 1.0 0.852 0.832 0.843 0.843 0.832 0.845 0.814 0.839 0.843 0.798 0.813 0.846 
0.729 0.846 0.828 0.802 0.808 0.864 0.844 0.825 0.84 0.852 1.0 0.839 0.84 0.846 0.827 0.843 0.816 0.832 0.866 0.788 0.804 0.852 
0.709 0.845 0.821 0.799 0.808 0.833 0.833 0.824 0.846 0.832 0.839 1.0 0.836 0.822 0.823 0.828 0.83 0.818 0.837 0.784 0.802 0.91 
0.727 0.836 0.839 0.817 0.817 0.835 0.847 0.832 0.846 0.843 0.84 0.836 1.0 0.827 0.836 0.855 0.818 0.864 0.84 0.804 0.815 0.847 
0.716 0.825 0.805 0.79 0.792 0.857 0.814 0.807 0.822 0.843 0.846 0.822 0.827 1.0 0.805 0.829 0.817 0.816 0.825 0.777 0.789 0.833 
0.713 0.818 0.87 0.85 0.864 0.808 0.845 0.869 0.841 0.832 0.827 0.823 0.836 0.805 1.0 0.837 0.806 0.835 0.827 0.828 0.846 0.84 
0.734 0.839 0.846 0.805 0.813 0.832 0.851 0.829 0.847 0.845 0.843 0.828 0.855 0.829 0.837 1.0 0.817 0.848 0.838 0.806 0.827 0.842 
0.684 0.827 0.808 0.791 0.803 0.809 0.809 0.805 0.839 0.814 0.816 0.83 0.818 0.817 0.806 0.817 1.0 0.806 0.807 0.784 0.798 0.834 
0.709 0.819 0.844 0.821 0.821 0.82 0.846 0.831 0.837 0.839 0.832 0.818 0.864 0.816 0.835 0.848 0.806 1.0 0.827 0.812 0.821 0.83 
0.735 0.838 0.82 0.794 0.799 0.85 0.847 0.823 0.833 0.843 0.866 0.837 0.84 0.825 0.827 0.838 0.807 0.827 1.0 0.776 0.793 0.849 
0.66 0.775 0.86 0.837 0.837 0.774 0.794 0.821 0.811 0.798 0.788 0.784 0.804 0.777 0.828 0.806 0.784 0.812 0.776 1.0 0.88 0.797 
0.679 0.79 0.883 0.838 0.865 0.787 0.815 0.842 0.834 0.813 0.804 0.802 0.815 0.789 0.846 0.827 0.798 0.821 0.793 0.88 1.0 0.813 
0.72 0.852 0.837 0.816 0.82 0.845 0.847 0.839 0.854 0.846 0.852 0.91 0.847 0.833 0.84 0.842 0.834 0.83 0.849 0.797 0.813 1.0 
