1.0 0.362724096405 0.312798823283 0.327667828492 0.351763959587 0.286151064175 0.319986284979 0.312267990569 0.398946745744 0.329368541386 0.306150523821 0.345198842623 0.341634543787 0.301275180472 0.34630442684 0.338861858746 0.372574528603 0.345278480072 0.36459050203 0.30547526928 0.327136116051 0.338171950334 
0.362724096405 1.0 0.431764437278 0.40218096557 0.395042695734 0.323356021201 0.458608633407 0.295594613273 0.520731210317 0.371463315565 0.359066066626 0.426121300558 0.400379942979 0.320036310859 0.440804665896 0.397447898935 0.351142939946 0.489072857458 0.408233510572 0.387995272476 0.40420837028 0.41225432137 
0.312798823283 0.431764437278 1.0 0.46884022908 0.505963143948 0.344587682406 0.47958594506 0.341178328982 0.465291241021 0.397552443716 0.355546593228 0.3960785181 0.396749483539 0.324761779347 0.54953068316 0.522402952052 0.311236494184 0.466125557739 0.366433694437 0.523017705943 0.500276488206 0.399242417587 
0.327667828492 0.40218096557 0.46884022908 1.0 0.576311635248 0.41097319397 0.401517810328 0.357201967511 0.506049895118 0.437627648733 0.374709031964 0.364798385468 0.419254960929 0.31906965056 0.464460510889 0.489966248543 0.310172374914 0.469877359908 0.398811817232 0.576104111569 0.575994186705 0.380021558699 
0.351763959587 0.395042695734 0.505963143948 0.576311635248 1.0 0.371850726159 0.435719891865 0.440489348421 0.520477850327 0.400903706528 0.381478895484 0.366691912812 0.416183760181 0.369508867835 0.497403056752 0.486822286524 0.361614015781 0.456869145371 0.398769675119 0.532783794973 0.587731384347 0.399406050782 
0.286151064175 0.323356021201 0.344587682406 0.41097319397 0.371850726159 1.0 0.359680544557 0.31891607374 0.393395522316 0.450218461813 0.363064995969 0.341721868038 0.345669174297 0.320490496965 0.410202091949 0.367737469776 0.323613148066 0.373671382218 0.349982787709 0.365475304488 0.392055202396 0.368014144931 
0.319986284979 0.458608633407 0.47958594506 0.401517810328 0.435719891865 0.359680544557 1.0 0.326960572966 0.472456277012 0.392557149434 0.374789925789 0.414006690013 0.396196946661 0.340088747808 0.528224599275 0.458858432352 0.310604314089 0.477911348173 0.379568540677 0.40446642371 0.426621688196 0.404693424722 
0.312267990569 0.295594613273 0.341178328982 0.357201967511 0.440489348421 0.31891607374 0.326960572966 1.0 0.400785357195 0.31447421863 0.327638010829 0.343707204795 0.346633451067 0.3212546454 0.361250051576 0.322300110185 0.350128705642 0.340775711419 0.321911233182 0.322539194546 0.357543808819 0.367597302918 
0.398946745744 0.520731210317 0.465291241021 0.506049895118 0.520477850327 0.393395522316 0.472456277012 0.400785357195 1.0 0.408114730807 0.368370814879 0.47014862671 0.454331187636 0.347673536007 0.493343504064 0.45099947425 0.375036724501 0.521141111232 0.431427331215 0.454819939887 0.48724420019 0.467575542015 
0.329368541386 0.371463315565 0.397552443716 0.437627648733 0.400903706528 0.450218461813 0.392557149434 0.31447421863 0.408114730807 1.0 0.36516023967 0.366592727257 0.381742226083 0.308344894917 0.427462805245 0.408657467456 0.330309625294 0.418653038006 0.374625967774 0.39560633814 0.417942913627 0.390650953783 
0.306150523821 0.359066066626 0.355546593228 0.374709031964 0.381478895484 0.363064995969 0.374789925789 0.327638010829 0.368370814879 0.36516023967 1.0 0.38765928884 0.420560809831 0.433409915739 0.366970347198 0.409898413051 0.365724921646 0.431603562825 0.433189362202 0.357978624177 0.388739752317 0.39862371205 
0.345198842623 0.426121300558 0.3960785181 0.364798385468 0.366691912812 0.341721868038 0.414006690013 0.343707204795 0.47014862671 0.366592727257 0.38765928884 1.0 0.423230518266 0.317952410799 0.425296764585 0.410505727766 0.39587696475 0.461012809114 0.417123549314 0.332245396748 0.371492520099 0.661620643925 
0.341634543787 0.400379942979 0.396749483539 0.419254960929 0.416183760181 0.345669174297 0.396196946661 0.346633451067 0.454331187636 0.381742226083 0.420560809831 0.423230518266 1.0 0.308066106351 0.422030878799 0.469261015984 0.345114473404 0.534113396076 0.477323484511 0.421516801742 0.438437666401 0.41177616965 
0.301275180472 0.320036310859 0.324761779347 0.31906965056 0.369508867835 0.320490496965 0.340088747808 0.3212546454 0.347673536007 0.308344894917 0.433409915739 0.317952410799 0.308066106351 1.0 0.312448605147 0.351740675258 0.279421270665 0.337124458213 0.313101604621 0.300438423663 0.333009511749 0.335643502693 
0.34630442684 0.440804665896 0.54953068316 0.464460510889 0.497403056752 0.410202091949 0.528224599275 0.361250051576 0.493343504064 0.427462805245 0.366970347198 0.425296764585 0.422030878799 0.312448605147 1.0 0.478943495456 0.330896691898 0.472944070405 0.418732614763 0.469159336056 0.49050111037 0.431168821651 
0.338861858746 0.397447898935 0.522402952052 0.489966248543 0.486822286524 0.367737469776 0.458858432352 0.322300110185 0.45099947425 0.408657467456 0.409898413051 0.410505727766 0.469261015984 0.351740675258 0.478943495456 1.0 0.347177207252 0.51652705867 0.451644884016 0.526125222402 0.530413012228 0.415313465934 
0.372574528603 0.351142939946 0.311236494184 0.310172374914 0.361614015781 0.323613148066 0.310604314089 0.350128705642 0.375036724501 0.330309625294 0.365724921646 0.39587696475 0.345114473404 0.279421270665 0.330896691898 0.347177207252 1.0 0.38775130347 0.376781600625 0.308516139813 0.367957398935 0.361629019631 
0.345278480072 0.489072857458 0.466125557739 0.469877359908 0.456869145371 0.373671382218 0.477911348173 0.340775711419 0.521141111232 0.418653038006 0.431603562825 0.461012809114 0.534113396076 0.337124458213 0.472944070405 0.51652705867 0.38775130347 1.0 0.477611631361 0.47485975795 0.485384727768 0.435768180317 
0.36459050203 0.408233510572 0.366433694437 0.398811817232 0.398769675119 0.349982787709 0.379568540677 0.321911233182 0.431427331215 0.374625967774 0.433189362202 0.417123549314 0.477323484511 0.313101604621 0.418732614763 0.451644884016 0.376781600625 0.477611631361 1.0 0.416576577902 0.424756778275 0.407118534927 
0.30547526928 0.387995272476 0.523017705943 0.576104111569 0.532783794973 0.365475304488 0.40446642371 0.322539194546 0.454819939887 0.39560633814 0.357978624177 0.332245396748 0.421516801742 0.300438423663 0.469159336056 0.526125222402 0.308516139813 0.47485975795 0.416576577902 1.0 0.596875473463 0.375214319639 
0.327136116051 0.40420837028 0.500276488206 0.575994186705 0.587731384347 0.392055202396 0.426621688196 0.357543808819 0.48724420019 0.417942913627 0.388739752317 0.371492520099 0.438437666401 0.333009511749 0.49050111037 0.530413012228 0.367957398935 0.485384727768 0.424756778275 0.596875473463 1.0 0.395357024944 
0.338171950334 0.41225432137 0.399242417587 0.380021558699 0.399406050782 0.368014144931 0.404693424722 0.367597302918 0.467575542015 0.390650953783 0.39862371205 0.661620643925 0.41177616965 0.335643502693 0.431168821651 0.415313465934 0.361629019631 0.435768180317 0.407118534927 0.375214319639 0.395357024944 1.0 
