1.0 0.0175483870968 0.0198387096774 0.0190967741935 0.0196451612903 0.0162580645161 0.0183870967742 0.0193225806452 0.0180322580645 0.0168064516129 0.0181612903226 0.0177741935484 0.0196129032258 0.0173225806452 0.0215483870968 0.0203870967742 0.0158064516129 0.0187741935484 0.0176129032258 0.0182580645161 0.0190967741935 0.0181935483871 
0.0175483870968 1.0 0.0228064516129 0.0217741935484 0.0220967741935 0.0238709677419 0.0256451612903 0.0248709677419 0.0295806451613 0.022935483871 0.0258387096774 0.0256129032258 0.0249677419355 0.0227096774194 0.0221612903226 0.0234516129032 0.0259032258065 0.0250967741935 0.0250322580645 0.0203548387097 0.0207419354839 0.0258387096774 
0.0198387096774 0.0228064516129 1.0 0.0312903225806 0.0339677419355 0.0217419354839 0.0265483870968 0.035 0.0253548387097 0.0251612903226 0.0246451612903 0.0227741935484 0.0245161290323 0.0212580645161 0.0339032258065 0.0263548387097 0.0205161290323 0.0262903225806 0.0230322580645 0.0318387096774 0.036935483871 0.025064516129 
0.0190967741935 0.0217741935484 0.0312903225806 1.0 0.0386774193548 0.0206774193548 0.0232580645161 0.0314838709677 0.0254838709677 0.0211290322581 0.0234193548387 0.0222580645161 0.0238709677419 0.0205161290323 0.0313548387097 0.0225161290323 0.0208387096774 0.0255483870968 0.0220322580645 0.0300322580645 0.0281290322581 0.025064516129 
0.0196451612903 0.0220967741935 0.0339677419355 0.0386774193548 1.0 0.0210967741935 0.0244838709677 0.0358064516129 0.0277741935484 0.0221612903226 0.0243225806452 0.0225806451613 0.023064516129 0.0218064516129 0.0330967741935 0.0227741935484 0.0218709677419 0.0246129032258 0.0209032258065 0.0288387096774 0.0344838709677 0.0259032258065 
0.0162580645161 0.0238709677419 0.0217419354839 0.0206774193548 0.0210967741935 1.0 0.0226774193548 0.0227741935484 0.0223870967742 0.0255161290323 0.0286774193548 0.0228387096774 0.0231612903226 0.0268064516129 0.0226129032258 0.0226451612903 0.0211290322581 0.0233225806452 0.0239677419355 0.0199677419355 0.0194193548387 0.0245161290323 
0.0183870967742 0.0256451612903 0.0265483870968 0.0232580645161 0.0244838709677 0.0226774193548 1.0 0.026064516129 0.0267419354839 0.0236774193548 0.0242903225806 0.0226774193548 0.0263548387097 0.0211612903226 0.0270967741935 0.027064516129 0.0213225806452 0.028 0.0255161290323 0.0212903225806 0.0235161290323 0.0250967741935 
0.0193225806452 0.0248709677419 0.035 0.0314838709677 0.0358064516129 0.0227741935484 0.026064516129 1.0 0.0261612903226 0.0243548387097 0.0238064516129 0.0226774193548 0.025064516129 0.0226129032258 0.0360322580645 0.0244838709677 0.0218064516129 0.0256774193548 0.0238709677419 0.0241935483871 0.0275806451613 0.0260322580645 
0.0180322580645 0.0295806451613 0.0253548387097 0.0254838709677 0.0277741935484 0.0223870967742 0.0267419354839 0.0261612903226 1.0 0.0229032258065 0.025 0.0268064516129 0.0273225806452 0.0221290322581 0.0263870967742 0.0264193548387 0.0285806451613 0.0254516129032 0.0242903225806 0.0253225806452 0.0255483870968 0.0291935483871 
0.0168064516129 0.022935483871 0.0251612903226 0.0211290322581 0.0221612903226 0.0255161290323 0.0236774193548 0.0243548387097 0.0229032258065 1.0 0.0253225806452 0.0230322580645 0.0238387096774 0.0246451612903 0.0244193548387 0.0253870967742 0.0201290322581 0.0251290322581 0.0259032258065 0.0204193548387 0.0214193548387 0.0244838709677 
0.0181612903226 0.0258387096774 0.0246451612903 0.0234193548387 0.0243225806452 0.0286774193548 0.0242903225806 0.0238064516129 0.025 0.0253225806452 1.0 0.0248064516129 0.0244838709677 0.0255483870968 0.0247096774194 0.024064516129 0.0223548387097 0.0238709677419 0.0292580645161 0.0221935483871 0.0211290322581 0.0264516129032 
0.0177741935484 0.0256129032258 0.0227741935484 0.0222580645161 0.0225806451613 0.0228387096774 0.0226774193548 0.0226774193548 0.0268064516129 0.0230322580645 0.0248064516129 1.0 0.026 0.0221612903226 0.0233870967742 0.0219677419355 0.0252903225806 0.0218064516129 0.0246129032258 0.0208709677419 0.0215806451613 0.0437096774194 
0.0196129032258 0.0249677419355 0.0245161290323 0.0238709677419 0.023064516129 0.0231612903226 0.0263548387097 0.025064516129 0.0273225806452 0.0238387096774 0.0244838709677 0.026 1.0 0.0241290322581 0.0264838709677 0.028935483871 0.023 0.0334193548387 0.0265161290323 0.0224516129032 0.0218064516129 0.028935483871 
0.0173225806452 0.0227096774194 0.0212580645161 0.0205161290323 0.0218064516129 0.0268064516129 0.0211612903226 0.0226129032258 0.0221290322581 0.0246451612903 0.0255483870968 0.0221612903226 0.0241290322581 1.0 0.0209677419355 0.0233225806452 0.0214838709677 0.0217419354839 0.022935483871 0.0200967741935 0.0201290322581 0.0240322580645 
0.0215483870968 0.0221612903226 0.0339032258065 0.0313548387097 0.0330967741935 0.0226129032258 0.0270967741935 0.0360322580645 0.0263870967742 0.0244193548387 0.0247096774194 0.0233870967742 0.0264838709677 0.0209677419355 1.0 0.0253870967742 0.0210967741935 0.0266451612903 0.0248387096774 0.0261612903226 0.0294516129032 0.0245161290323 
0.0203870967742 0.0234516129032 0.0263548387097 0.0225161290323 0.0227741935484 0.0226451612903 0.027064516129 0.0244838709677 0.0264193548387 0.0253870967742 0.024064516129 0.0219677419355 0.028935483871 0.0233225806452 0.0253870967742 1.0 0.0229677419355 0.0277419354839 0.0245483870968 0.0223870967742 0.0261612903226 0.0243225806452 
0.0158064516129 0.0259032258065 0.0205161290323 0.0208387096774 0.0218709677419 0.0211290322581 0.0213225806452 0.0218064516129 0.0285806451613 0.0201290322581 0.0223548387097 0.0252903225806 0.023 0.0214838709677 0.0210967741935 0.0229677419355 1.0 0.0213548387097 0.0214516129032 0.0206774193548 0.0211612903226 0.0262903225806 
0.0187741935484 0.0250967741935 0.0262903225806 0.0255483870968 0.0246129032258 0.0233225806452 0.028 0.0256774193548 0.0254516129032 0.0251290322581 0.0238709677419 0.0218064516129 0.0334193548387 0.0217419354839 0.0266451612903 0.0277419354839 0.0213548387097 1.0 0.0254516129032 0.0241612903226 0.0235806451613 0.0235483870968 
0.0176129032258 0.0250322580645 0.0230322580645 0.0220322580645 0.0209032258065 0.0239677419355 0.0255161290323 0.0238709677419 0.0242903225806 0.0259032258065 0.0292580645161 0.0246129032258 0.0265161290323 0.022935483871 0.0248387096774 0.0245483870968 0.0214516129032 0.0254516129032 1.0 0.0195483870968 0.0202258064516 0.025935483871 
0.0182580645161 0.0203548387097 0.0318387096774 0.0300322580645 0.0288387096774 0.0199677419355 0.0212903225806 0.0241935483871 0.0253225806452 0.0204193548387 0.0221935483871 0.0208709677419 0.0224516129032 0.0200967741935 0.0261612903226 0.0223870967742 0.0206774193548 0.0241612903226 0.0195483870968 1.0 0.0424838709677 0.0221612903226 
0.0190967741935 0.0207419354839 0.036935483871 0.0281290322581 0.0344838709677 0.0194193548387 0.0235161290323 0.0275806451613 0.0255483870968 0.0214193548387 0.0211290322581 0.0215806451613 0.0218064516129 0.0201290322581 0.0294516129032 0.0261612903226 0.0211612903226 0.0235806451613 0.0202258064516 0.0424838709677 1.0 0.0241612903226 
0.0181935483871 0.0258387096774 0.025064516129 0.025064516129 0.0259032258065 0.0245161290323 0.0250967741935 0.0260322580645 0.0291935483871 0.0244838709677 0.0264516129032 0.0437096774194 0.028935483871 0.0240322580645 0.0245161290323 0.0243225806452 0.0262903225806 0.0235483870968 0.025935483871 0.0221612903226 0.0241612903226 1.0 
